year,level,geoid,name,county,var,estimate
1990,1_state,09,Connecticut,NA,pop_change,0
2000,1_state,09,Connecticut,NA,pop_change,118449
2001,1_state,09,Connecticut,NA,pop_change,27270
2002,1_state,09,Connecticut,NA,pop_change,25914
2003,1_state,09,Connecticut,NA,pop_change,25587
2004,1_state,09,Connecticut,NA,pop_change,11758
2005,1_state,09,Connecticut,NA,pop_change,10862
2006,1_state,09,Connecticut,NA,pop_change,10504
2007,1_state,09,Connecticut,NA,pop_change,9810
2008,1_state,09,Connecticut,NA,pop_change,18309
2009,1_state,09,Connecticut,NA,pop_change,16228
2010,1_state,09,Connecticut,NA,pop_change,12290
2011,1_state,09,Connecticut,NA,pop_change,-15925
2012,1_state,09,Connecticut,NA,pop_change,14041
2013,1_state,09,Connecticut,NA,pop_change,11348
2014,1_state,09,Connecticut,NA,pop_change,8492
2015,1_state,09,Connecticut,NA,pop_change,1169
2016,1_state,09,Connecticut,NA,pop_change,-4652
2017,1_state,09,Connecticut,NA,pop_change,5908
2018,1_state,09,Connecticut,NA,pop_change,-12974
1990,2_counties,09001,Fairfield County,NA,pop_change,0
2000,2_counties,09001,Fairfield County,NA,pop_change,54922
2001,2_counties,09001,Fairfield County,NA,pop_change,6496
2002,2_counties,09001,Fairfield County,NA,pop_change,3837
2003,2_counties,09001,Fairfield County,NA,pop_change,3442
2004,2_counties,09001,Fairfield County,NA,pop_change,1130
2005,2_counties,09001,Fairfield County,NA,pop_change,181
2006,2_counties,09001,Fairfield County,NA,pop_change,-1399
2007,2_counties,09001,Fairfield County,NA,pop_change,1244
2008,2_counties,09001,Fairfield County,NA,pop_change,6326
2009,2_counties,09001,Fairfield County,NA,pop_change,6597
2010,2_counties,09001,Fairfield County,NA,pop_change,6408
2011,2_counties,09001,Fairfield County,NA,pop_change,-5633
2012,2_counties,09001,Fairfield County,NA,pop_change,7696
2013,2_counties,09001,Fairfield County,NA,pop_change,7341
2014,2_counties,09001,Fairfield County,NA,pop_change,7982
2015,2_counties,09001,Fairfield County,NA,pop_change,5768
2016,2_counties,09001,Fairfield County,NA,pop_change,1635
2017,2_counties,09001,Fairfield County,NA,pop_change,5710
2018,2_counties,09001,Fairfield County,NA,pop_change,-2980
1990,2_counties,09003,Hartford County,NA,pop_change,0
2000,2_counties,09003,Hartford County,NA,pop_change,5400
2001,2_counties,09003,Hartford County,NA,pop_change,5390
2002,2_counties,09003,Hartford County,NA,pop_change,4878
2003,2_counties,09003,Hartford County,NA,pop_change,5884
2004,2_counties,09003,Hartford County,NA,pop_change,1114
2005,2_counties,09003,Hartford County,NA,pop_change,3632
2006,2_counties,09003,Hartford County,NA,pop_change,3217
2007,2_counties,09003,Hartford County,NA,pop_change,3250
2008,2_counties,09003,Hartford County,NA,pop_change,3343
2009,2_counties,09003,Hartford County,NA,pop_change,3776
2010,2_counties,09003,Hartford County,NA,pop_change,2347
2011,2_counties,09003,Hartford County,NA,pop_change,-3426
2012,2_counties,09003,Hartford County,NA,pop_change,2916
2013,2_counties,09003,Hartford County,NA,pop_change,2323
2014,2_counties,09003,Hartford County,NA,pop_change,1547
2015,2_counties,09003,Hartford County,NA,pop_change,-431
2016,2_counties,09003,Hartford County,NA,pop_change,-1244
2017,2_counties,09003,Hartford County,NA,pop_change,1718
2018,2_counties,09003,Hartford County,NA,pop_change,-2687
1990,2_counties,09005,Litchfield County,NA,pop_change,0
2000,2_counties,09005,Litchfield County,NA,pop_change,8101
2001,2_counties,09005,Litchfield County,NA,pop_change,1925
2002,2_counties,09005,Litchfield County,NA,pop_change,1856
2003,2_counties,09005,Litchfield County,NA,pop_change,1450
2004,2_counties,09005,Litchfield County,NA,pop_change,1177
2005,2_counties,09005,Litchfield County,NA,pop_change,311
2006,2_counties,09005,Litchfield County,NA,pop_change,770
2007,2_counties,09005,Litchfield County,NA,pop_change,184
2008,2_counties,09005,Litchfield County,NA,pop_change,309
2009,2_counties,09005,Litchfield County,NA,pop_change,-160
2010,2_counties,09005,Litchfield County,NA,pop_change,-88
2011,2_counties,09005,Litchfield County,NA,pop_change,-208
2012,2_counties,09005,Litchfield County,NA,pop_change,-442
2013,2_counties,09005,Litchfield County,NA,pop_change,-648
2014,2_counties,09005,Litchfield County,NA,pop_change,-1087
2015,2_counties,09005,Litchfield County,NA,pop_change,-1238
2016,2_counties,09005,Litchfield County,NA,pop_change,-1163
2017,2_counties,09005,Litchfield County,NA,pop_change,-687
2018,2_counties,09005,Litchfield County,NA,pop_change,-1423
1990,2_counties,09007,Middlesex County,NA,pop_change,0
2000,2_counties,09007,Middlesex County,NA,pop_change,11875
2001,2_counties,09007,Middlesex County,NA,pop_change,1935
2002,2_counties,09007,Middlesex County,NA,pop_change,2181
2003,2_counties,09007,Middlesex County,NA,pop_change,1677
2004,2_counties,09007,Middlesex County,NA,pop_change,586
2005,2_counties,09007,Middlesex County,NA,pop_change,741
2006,2_counties,09007,Middlesex County,NA,pop_change,1282
2007,2_counties,09007,Middlesex County,NA,pop_change,656
2008,2_counties,09007,Middlesex County,NA,pop_change,833
2009,2_counties,09007,Middlesex County,NA,pop_change,645
2010,2_counties,09007,Middlesex County,NA,pop_change,69
2011,2_counties,09007,Middlesex County,NA,pop_change,-402
2012,2_counties,09007,Middlesex County,NA,pop_change,365
2013,2_counties,09007,Middlesex County,NA,pop_change,51
2014,2_counties,09007,Middlesex County,NA,pop_change,-156
2015,2_counties,09007,Middlesex County,NA,pop_change,-369
2016,2_counties,09007,Middlesex County,NA,pop_change,-727
2017,2_counties,09007,Middlesex County,NA,pop_change,-328
2018,2_counties,09007,Middlesex County,NA,pop_change,-742
1990,2_counties,09009,New Haven County,NA,pop_change,0
2000,2_counties,09009,New Haven County,NA,pop_change,19789
2001,2_counties,09009,New Haven County,NA,pop_change,5867
2002,2_counties,09009,New Haven County,NA,pop_change,5224
2003,2_counties,09009,New Haven County,NA,pop_change,6840
2004,2_counties,09009,New Haven County,NA,pop_change,2566
2005,2_counties,09009,New Haven County,NA,pop_change,2657
2006,2_counties,09009,New Haven County,NA,pop_change,3045
2007,2_counties,09009,New Haven County,NA,pop_change,3391
2008,2_counties,09009,New Haven County,NA,pop_change,3024
2009,2_counties,09009,New Haven County,NA,pop_change,3403
2010,2_counties,09009,New Haven County,NA,pop_change,2452
2011,2_counties,09009,New Haven County,NA,pop_change,-3718
2012,2_counties,09009,New Haven County,NA,pop_change,2236
2013,2_counties,09009,New Haven County,NA,pop_change,1616
2014,2_counties,09009,New Haven County,NA,pop_change,537
2015,2_counties,09009,New Haven County,NA,pop_change,-924
2016,2_counties,09009,New Haven County,NA,pop_change,-1350
2017,2_counties,09009,New Haven County,NA,pop_change,1253
2018,2_counties,09009,New Haven County,NA,pop_change,-2788
1990,2_counties,09011,New London County,NA,pop_change,0
2000,2_counties,09011,New London County,NA,pop_change,4131
2001,2_counties,09011,New London County,NA,pop_change,2308
2002,2_counties,09011,New London County,NA,pop_change,3302
2003,2_counties,09011,New London County,NA,pop_change,1886
2004,2_counties,09011,New London County,NA,pop_change,2011
2005,2_counties,09011,New London County,NA,pop_change,1069
2006,2_counties,09011,New London County,NA,pop_change,1150
2007,2_counties,09011,New London County,NA,pop_change,-145
2008,2_counties,09011,New London County,NA,pop_change,1965
2009,2_counties,09011,New London County,NA,pop_change,996
2010,2_counties,09011,New London County,NA,pop_change,425
2011,2_counties,09011,New London County,NA,pop_change,-1164
2012,2_counties,09011,New London County,NA,pop_change,832
2013,2_counties,09011,New London County,NA,pop_change,367
2014,2_counties,09011,New London County,NA,pop_change,-19
2015,2_counties,09011,New London County,NA,pop_change,-886
2016,2_counties,09011,New London County,NA,pop_change,-1152
2017,2_counties,09011,New London County,NA,pop_change,-1261
2018,2_counties,09011,New London County,NA,pop_change,-1891
1990,2_counties,09013,Tolland County,NA,pop_change,0
2000,2_counties,09013,Tolland County,NA,pop_change,7665
2001,2_counties,09013,Tolland County,NA,pop_change,2570
2002,2_counties,09013,Tolland County,NA,pop_change,3428
2003,2_counties,09013,Tolland County,NA,pop_change,2833
2004,2_counties,09013,Tolland County,NA,pop_change,1511
2005,2_counties,09013,Tolland County,NA,pop_change,951
2006,2_counties,09013,Tolland County,NA,pop_change,1297
2007,2_counties,09013,Tolland County,NA,pop_change,764
2008,2_counties,09013,Tolland County,NA,pop_change,1865
2009,2_counties,09013,Tolland County,NA,pop_change,747
2010,2_counties,09013,Tolland County,NA,pop_change,361
2011,2_counties,09013,Tolland County,NA,pop_change,-917
2012,2_counties,09013,Tolland County,NA,pop_change,363
2013,2_counties,09013,Tolland County,NA,pop_change,229
2014,2_counties,09013,Tolland County,NA,pop_change,-115
2015,2_counties,09013,Tolland County,NA,pop_change,-303
2016,2_counties,09013,Tolland County,NA,pop_change,-259
2017,2_counties,09013,Tolland County,NA,pop_change,-93
2018,2_counties,09013,Tolland County,NA,pop_change,-327
1990,2_counties,09015,Windham County,NA,pop_change,0
2000,2_counties,09015,Windham County,NA,pop_change,6566
2001,2_counties,09015,Windham County,NA,pop_change,779
2002,2_counties,09015,Windham County,NA,pop_change,1208
2003,2_counties,09015,Windham County,NA,pop_change,1575
2004,2_counties,09015,Windham County,NA,pop_change,1663
2005,2_counties,09015,Windham County,NA,pop_change,1320
2006,2_counties,09015,Windham County,NA,pop_change,1142
2007,2_counties,09015,Windham County,NA,pop_change,466
2008,2_counties,09015,Windham County,NA,pop_change,644
2009,2_counties,09015,Windham County,NA,pop_change,224
2010,2_counties,09015,Windham County,NA,pop_change,316
2011,2_counties,09015,Windham County,NA,pop_change,-457
2012,2_counties,09015,Windham County,NA,pop_change,75
2013,2_counties,09015,Windham County,NA,pop_change,69
2014,2_counties,09015,Windham County,NA,pop_change,-197
2015,2_counties,09015,Windham County,NA,pop_change,-448
2016,2_counties,09015,Windham County,NA,pop_change,-392
2017,2_counties,09015,Windham County,NA,pop_change,-404
2018,2_counties,09015,Windham County,NA,pop_change,-136
1990,3_towns,0900104720,Bethel,Fairfield County,pop_change,0
2000,3_towns,0900104720,Bethel,Fairfield County,pop_change,526
2010,3_towns,0900104720,Bethel,Fairfield County,pop_change,517
2011,3_towns,0900104720,Bethel,Fairfield County,pop_change,-91
2012,3_towns,0900104720,Bethel,Fairfield County,pop_change,211
2013,3_towns,0900104720,Bethel,Fairfield County,pop_change,183
2014,3_towns,0900104720,Bethel,Fairfield County,pop_change,191
2015,3_towns,0900104720,Bethel,Fairfield County,pop_change,162
2016,3_towns,0900104720,Bethel,Fairfield County,pop_change,129
2017,3_towns,0900104720,Bethel,Fairfield County,pop_change,157
2018,3_towns,0900104720,Bethel,Fairfield County,pop_change,25
1990,3_towns,0900108070,Bridgeport,Fairfield County,pop_change,0
2000,3_towns,0900108070,Bridgeport,Fairfield County,pop_change,-2157
2010,3_towns,0900108070,Bridgeport,Fairfield County,pop_change,4700
2011,3_towns,0900108070,Bridgeport,Fairfield County,pop_change,-817
2012,3_towns,0900108070,Bridgeport,Fairfield County,pop_change,1034
2013,3_towns,0900108070,Bridgeport,Fairfield County,pop_change,1141
2014,3_towns,0900108070,Bridgeport,Fairfield County,pop_change,1093
2015,3_towns,0900108070,Bridgeport,Fairfield County,pop_change,660
2016,3_towns,0900108070,Bridgeport,Fairfield County,pop_change,-318
2017,3_towns,0900108070,Bridgeport,Fairfield County,pop_change,564
2018,3_towns,0900108070,Bridgeport,Fairfield County,pop_change,-1169
1990,3_towns,0900108980,Brookfield,Fairfield County,pop_change,0
2000,3_towns,0900108980,Brookfield,Fairfield County,pop_change,1551
2010,3_towns,0900108980,Brookfield,Fairfield County,pop_change,788
2011,3_towns,0900108980,Brookfield,Fairfield County,pop_change,-113
2012,3_towns,0900108980,Brookfield,Fairfield County,pop_change,148
2013,3_towns,0900108980,Brookfield,Fairfield County,pop_change,127
2014,3_towns,0900108980,Brookfield,Fairfield County,pop_change,160
2015,3_towns,0900108980,Brookfield,Fairfield County,pop_change,130
2016,3_towns,0900108980,Brookfield,Fairfield County,pop_change,66
2017,3_towns,0900108980,Brookfield,Fairfield County,pop_change,94
2018,3_towns,0900108980,Brookfield,Fairfield County,pop_change,-51
1990,3_towns,0900118500,Danbury,Fairfield County,pop_change,0
2000,3_towns,0900118500,Danbury,Fairfield County,pop_change,9263
2010,3_towns,0900118500,Danbury,Fairfield County,pop_change,6045
2011,3_towns,0900118500,Danbury,Fairfield County,pop_change,-792
2012,3_towns,0900118500,Danbury,Fairfield County,pop_change,956
2013,3_towns,0900118500,Danbury,Fairfield County,pop_change,910
2014,3_towns,0900118500,Danbury,Fairfield County,pop_change,814
2015,3_towns,0900118500,Danbury,Fairfield County,pop_change,695
2016,3_towns,0900118500,Danbury,Fairfield County,pop_change,414
2017,3_towns,0900118500,Danbury,Fairfield County,pop_change,683
2018,3_towns,0900118500,Danbury,Fairfield County,pop_change,-94
1990,3_towns,0900118850,Darien,Fairfield County,pop_change,0
2000,3_towns,0900118850,Darien,Fairfield County,pop_change,1411
2010,3_towns,0900118850,Darien,Fairfield County,pop_change,1125
2011,3_towns,0900118850,Darien,Fairfield County,pop_change,-152
2012,3_towns,0900118850,Darien,Fairfield County,pop_change,178
2013,3_towns,0900118850,Darien,Fairfield County,pop_change,167
2014,3_towns,0900118850,Darien,Fairfield County,pop_change,265
2015,3_towns,0900118850,Darien,Fairfield County,pop_change,202
2016,3_towns,0900118850,Darien,Fairfield County,pop_change,127
2017,3_towns,0900118850,Darien,Fairfield County,pop_change,223
2018,3_towns,0900118850,Darien,Fairfield County,pop_change,17
1990,3_towns,0900123890,Easton,Fairfield County,pop_change,0
2000,3_towns,0900123890,Easton,Fairfield County,pop_change,969
2010,3_towns,0900123890,Easton,Fairfield County,pop_change,218
2011,3_towns,0900123890,Easton,Fairfield County,pop_change,-38
2012,3_towns,0900123890,Easton,Fairfield County,pop_change,49
2013,3_towns,0900123890,Easton,Fairfield County,pop_change,49
2014,3_towns,0900123890,Easton,Fairfield County,pop_change,43
2015,3_towns,0900123890,Easton,Fairfield County,pop_change,26
2016,3_towns,0900123890,Easton,Fairfield County,pop_change,-28
2017,3_towns,0900123890,Easton,Fairfield County,pop_change,16
2018,3_towns,0900123890,Easton,Fairfield County,pop_change,-49
1990,3_towns,0900126620,Fairfield,Fairfield County,pop_change,0
2000,3_towns,0900126620,Fairfield,Fairfield County,pop_change,3922
2010,3_towns,0900126620,Fairfield,Fairfield County,pop_change,2064
2011,3_towns,0900126620,Fairfield,Fairfield County,pop_change,-326
2012,3_towns,0900126620,Fairfield,Fairfield County,pop_change,484
2013,3_towns,0900126620,Fairfield,Fairfield County,pop_change,564
2014,3_towns,0900126620,Fairfield,Fairfield County,pop_change,552
2015,3_towns,0900126620,Fairfield,Fairfield County,pop_change,338
2016,3_towns,0900126620,Fairfield,Fairfield County,pop_change,98
2017,3_towns,0900126620,Fairfield,Fairfield County,pop_change,497
2018,3_towns,0900126620,Fairfield,Fairfield County,pop_change,-13
1990,3_towns,0900133620,Greenwich,Fairfield County,pop_change,0
2000,3_towns,0900133620,Greenwich,Fairfield County,pop_change,2660
2010,3_towns,0900133620,Greenwich,Fairfield County,pop_change,70
2011,3_towns,0900133620,Greenwich,Fairfield County,pop_change,-148
2012,3_towns,0900133620,Greenwich,Fairfield County,pop_change,405
2013,3_towns,0900133620,Greenwich,Fairfield County,pop_change,305
2014,3_towns,0900133620,Greenwich,Fairfield County,pop_change,408
2015,3_towns,0900133620,Greenwich,Fairfield County,pop_change,293
2016,3_towns,0900133620,Greenwich,Fairfield County,pop_change,-16
2017,3_towns,0900133620,Greenwich,Fairfield County,pop_change,364
2018,3_towns,0900133620,Greenwich,Fairfield County,pop_change,-208
1990,3_towns,0900148620,Monroe,Fairfield County,pop_change,0
2000,3_towns,0900148620,Monroe,Fairfield County,pop_change,2351
2010,3_towns,0900148620,Monroe,Fairfield County,pop_change,232
2011,3_towns,0900148620,Monroe,Fairfield County,pop_change,-81
2012,3_towns,0900148620,Monroe,Fairfield County,pop_change,131
2013,3_towns,0900148620,Monroe,Fairfield County,pop_change,102
2014,3_towns,0900148620,Monroe,Fairfield County,pop_change,113
2015,3_towns,0900148620,Monroe,Fairfield County,pop_change,63
2016,3_towns,0900148620,Monroe,Fairfield County,pop_change,-23
2017,3_towns,0900148620,Monroe,Fairfield County,pop_change,-18
2018,3_towns,0900148620,Monroe,Fairfield County,pop_change,-145
1990,3_towns,0900150580,New Canaan,Fairfield County,pop_change,0
2000,3_towns,0900150580,New Canaan,Fairfield County,pop_change,1531
2010,3_towns,0900150580,New Canaan,Fairfield County,pop_change,343
2011,3_towns,0900150580,New Canaan,Fairfield County,pop_change,-96
2012,3_towns,0900150580,New Canaan,Fairfield County,pop_change,152
2013,3_towns,0900150580,New Canaan,Fairfield County,pop_change,144
2014,3_towns,0900150580,New Canaan,Fairfield County,pop_change,135
2015,3_towns,0900150580,New Canaan,Fairfield County,pop_change,146
2016,3_towns,0900150580,New Canaan,Fairfield County,pop_change,29
2017,3_towns,0900150580,New Canaan,Fairfield County,pop_change,109
2018,3_towns,0900150580,New Canaan,Fairfield County,pop_change,-84
1990,3_towns,0900150860,New Fairfield,Fairfield County,pop_change,0
2000,3_towns,0900150860,New Fairfield,Fairfield County,pop_change,1042
2010,3_towns,0900150860,New Fairfield,Fairfield County,pop_change,-72
2011,3_towns,0900150860,New Fairfield,Fairfield County,pop_change,-34
2012,3_towns,0900150860,New Fairfield,Fairfield County,pop_change,85
2013,3_towns,0900150860,New Fairfield,Fairfield County,pop_change,78
2014,3_towns,0900150860,New Fairfield,Fairfield County,pop_change,69
2015,3_towns,0900150860,New Fairfield,Fairfield County,pop_change,38
2016,3_towns,0900150860,New Fairfield,Fairfield County,pop_change,-42
2017,3_towns,0900150860,New Fairfield,Fairfield County,pop_change,16
2018,3_towns,0900150860,New Fairfield,Fairfield County,pop_change,-99
1990,3_towns,0900152980,Newtown,Fairfield County,pop_change,0
2000,3_towns,0900152980,Newtown,Fairfield County,pop_change,4252
2010,3_towns,0900152980,Newtown,Fairfield County,pop_change,2529
2011,3_towns,0900152980,Newtown,Fairfield County,pop_change,-325
2012,3_towns,0900152980,Newtown,Fairfield County,pop_change,308
2013,3_towns,0900152980,Newtown,Fairfield County,pop_change,229
2014,3_towns,0900152980,Newtown,Fairfield County,pop_change,188
2015,3_towns,0900152980,Newtown,Fairfield County,pop_change,52
2016,3_towns,0900152980,Newtown,Fairfield County,pop_change,-22
2017,3_towns,0900152980,Newtown,Fairfield County,pop_change,40
2018,3_towns,0900152980,Newtown,Fairfield County,pop_change,-177
1990,3_towns,0900156060,Norwalk,Fairfield County,pop_change,0
2000,3_towns,0900156060,Norwalk,Fairfield County,pop_change,4620
2010,3_towns,0900156060,Norwalk,Fairfield County,pop_change,2652
2011,3_towns,0900156060,Norwalk,Fairfield County,pop_change,-458
2012,3_towns,0900156060,Norwalk,Fairfield County,pop_change,708
2013,3_towns,0900156060,Norwalk,Fairfield County,pop_change,646
2014,3_towns,0900156060,Norwalk,Fairfield County,pop_change,715
2015,3_towns,0900156060,Norwalk,Fairfield County,pop_change,487
2016,3_towns,0900156060,Norwalk,Fairfield County,pop_change,229
2017,3_towns,0900156060,Norwalk,Fairfield County,pop_change,607
2018,3_towns,0900156060,Norwalk,Fairfield County,pop_change,-101
1990,3_towns,0900163480,Redding,Fairfield County,pop_change,0
2000,3_towns,0900163480,Redding,Fairfield County,pop_change,343
2010,3_towns,0900163480,Redding,Fairfield County,pop_change,888
2011,3_towns,0900163480,Redding,Fairfield County,pop_change,-100
2012,3_towns,0900163480,Redding,Fairfield County,pop_change,90
2013,3_towns,0900163480,Redding,Fairfield County,pop_change,59
2014,3_towns,0900163480,Redding,Fairfield County,pop_change,60
2015,3_towns,0900163480,Redding,Fairfield County,pop_change,32
2016,3_towns,0900163480,Redding,Fairfield County,pop_change,-23
2017,3_towns,0900163480,Redding,Fairfield County,pop_change,-2
2018,3_towns,0900163480,Redding,Fairfield County,pop_change,-65
1990,3_towns,0900163970,Ridgefield,Fairfield County,pop_change,0
2000,3_towns,0900163970,Ridgefield,Fairfield County,pop_change,2724
2010,3_towns,0900163970,Ridgefield,Fairfield County,pop_change,995
2011,3_towns,0900163970,Ridgefield,Fairfield County,pop_change,-169
2012,3_towns,0900163970,Ridgefield,Fairfield County,pop_change,179
2013,3_towns,0900163970,Ridgefield,Fairfield County,pop_change,183
2014,3_towns,0900163970,Ridgefield,Fairfield County,pop_change,194
2015,3_towns,0900163970,Ridgefield,Fairfield County,pop_change,112
2016,3_towns,0900163970,Ridgefield,Fairfield County,pop_change,-12
2017,3_towns,0900163970,Ridgefield,Fairfield County,pop_change,81
2018,3_towns,0900163970,Ridgefield,Fairfield County,pop_change,-136
1990,3_towns,0900168170,Shelton,Fairfield County,pop_change,0
2000,3_towns,0900168170,Shelton,Fairfield County,pop_change,2683
2010,3_towns,0900168170,Shelton,Fairfield County,pop_change,1458
2011,3_towns,0900168170,Shelton,Fairfield County,pop_change,-249
2012,3_towns,0900168170,Shelton,Fairfield County,pop_change,331
2013,3_towns,0900168170,Shelton,Fairfield County,pop_change,365
2014,3_towns,0900168170,Shelton,Fairfield County,pop_change,466
2015,3_towns,0900168170,Shelton,Fairfield County,pop_change,311
2016,3_towns,0900168170,Shelton,Fairfield County,pop_change,196
2017,3_towns,0900168170,Shelton,Fairfield County,pop_change,303
2018,3_towns,0900168170,Shelton,Fairfield County,pop_change,-127
1990,3_towns,0900168310,Sherman,Fairfield County,pop_change,0
2000,3_towns,0900168310,Sherman,Fairfield County,pop_change,1018
2010,3_towns,0900168310,Sherman,Fairfield County,pop_change,-246
2011,3_towns,0900168310,Sherman,Fairfield County,pop_change,17
2012,3_towns,0900168310,Sherman,Fairfield County,pop_change,17
2013,3_towns,0900168310,Sherman,Fairfield County,pop_change,12
2014,3_towns,0900168310,Sherman,Fairfield County,pop_change,9
2015,3_towns,0900168310,Sherman,Fairfield County,pop_change,13
2016,3_towns,0900168310,Sherman,Fairfield County,pop_change,8
2017,3_towns,0900168310,Sherman,Fairfield County,pop_change,-3
2018,3_towns,0900168310,Sherman,Fairfield County,pop_change,-13
1990,3_towns,0900173070,Stamford,Fairfield County,pop_change,0
2000,3_towns,0900173070,Stamford,Fairfield County,pop_change,9027
2010,3_towns,0900173070,Stamford,Fairfield County,pop_change,5560
2011,3_towns,0900173070,Stamford,Fairfield County,pop_change,-859
2012,3_towns,0900173070,Stamford,Fairfield County,pop_change,1094
2013,3_towns,0900173070,Stamford,Fairfield County,pop_change,1117
2014,3_towns,0900173070,Stamford,Fairfield County,pop_change,1406
2015,3_towns,0900173070,Stamford,Fairfield County,pop_change,1191
2016,3_towns,0900173070,Stamford,Fairfield County,pop_change,818
2017,3_towns,0900173070,Stamford,Fairfield County,pop_change,1441
2018,3_towns,0900173070,Stamford,Fairfield County,pop_change,175
1990,3_towns,0900174190,Stratford,Fairfield County,pop_change,0
2000,3_towns,0900174190,Stratford,Fairfield County,pop_change,587
2010,3_towns,0900174190,Stratford,Fairfield County,pop_change,1408
2011,3_towns,0900174190,Stratford,Fairfield County,pop_change,-268
2012,3_towns,0900174190,Stratford,Fairfield County,pop_change,324
2013,3_towns,0900174190,Stratford,Fairfield County,pop_change,254
2014,3_towns,0900174190,Stratford,Fairfield County,pop_change,398
2015,3_towns,0900174190,Stratford,Fairfield County,pop_change,224
2016,3_towns,0900174190,Stratford,Fairfield County,pop_change,-16
2017,3_towns,0900174190,Stratford,Fairfield County,pop_change,229
2018,3_towns,0900174190,Stratford,Fairfield County,pop_change,-250
1990,3_towns,0900177200,Trumbull,Fairfield County,pop_change,0
2000,3_towns,0900177200,Trumbull,Fairfield County,pop_change,2227
2010,3_towns,0900177200,Trumbull,Fairfield County,pop_change,1775
2011,3_towns,0900177200,Trumbull,Fairfield County,pop_change,-266
2012,3_towns,0900177200,Trumbull,Fairfield County,pop_change,256
2013,3_towns,0900177200,Trumbull,Fairfield County,pop_change,243
2014,3_towns,0900177200,Trumbull,Fairfield County,pop_change,193
2015,3_towns,0900177200,Trumbull,Fairfield County,pop_change,127
2016,3_towns,0900177200,Trumbull,Fairfield County,pop_change,-94
2017,3_towns,0900177200,Trumbull,Fairfield County,pop_change,-22
2018,3_towns,0900177200,Trumbull,Fairfield County,pop_change,-281
1990,3_towns,0900183430,Weston,Fairfield County,pop_change,0
2000,3_towns,0900183430,Weston,Fairfield County,pop_change,1389
2010,3_towns,0900183430,Weston,Fairfield County,pop_change,142
2011,3_towns,0900183430,Weston,Fairfield County,pop_change,-37
2012,3_towns,0900183430,Weston,Fairfield County,pop_change,61
2013,3_towns,0900183430,Weston,Fairfield County,pop_change,58
2014,3_towns,0900183430,Weston,Fairfield County,pop_change,58
2015,3_towns,0900183430,Weston,Fairfield County,pop_change,54
2016,3_towns,0900183430,Weston,Fairfield County,pop_change,-26
2017,3_towns,0900183430,Weston,Fairfield County,pop_change,22
2018,3_towns,0900183430,Weston,Fairfield County,pop_change,-81
1990,3_towns,0900183500,Westport,Fairfield County,pop_change,0
2000,3_towns,0900183500,Westport,Fairfield County,pop_change,1339
2010,3_towns,0900183500,Westport,Fairfield County,pop_change,642
2011,3_towns,0900183500,Westport,Fairfield County,pop_change,-142
2012,3_towns,0900183500,Westport,Fairfield County,pop_change,267
2013,3_towns,0900183500,Westport,Fairfield County,pop_change,253
2014,3_towns,0900183500,Westport,Fairfield County,pop_change,286
2015,3_towns,0900183500,Westport,Fairfield County,pop_change,288
2016,3_towns,0900183500,Westport,Fairfield County,pop_change,168
2017,3_towns,0900183500,Westport,Fairfield County,pop_change,266
2018,3_towns,0900183500,Westport,Fairfield County,pop_change,63
1990,3_towns,0900186370,Wilton,Fairfield County,pop_change,0
2000,3_towns,0900186370,Wilton,Fairfield County,pop_change,1644
2010,3_towns,0900186370,Wilton,Fairfield County,pop_change,429
2011,3_towns,0900186370,Wilton,Fairfield County,pop_change,-89
2012,3_towns,0900186370,Wilton,Fairfield County,pop_change,228
2013,3_towns,0900186370,Wilton,Fairfield County,pop_change,152
2014,3_towns,0900186370,Wilton,Fairfield County,pop_change,166
2015,3_towns,0900186370,Wilton,Fairfield County,pop_change,124
2016,3_towns,0900186370,Wilton,Fairfield County,pop_change,-27
2017,3_towns,0900186370,Wilton,Fairfield County,pop_change,43
2018,3_towns,0900186370,Wilton,Fairfield County,pop_change,-117
1990,3_towns,0900302060,Avon,Hartford County,pop_change,0
2000,3_towns,0900302060,Avon,Hartford County,pop_change,1895
2010,3_towns,0900302060,Avon,Hartford County,pop_change,2266
2011,3_towns,0900302060,Avon,Hartford County,pop_change,-239
2012,3_towns,0900302060,Avon,Hartford County,pop_change,190
2013,3_towns,0900302060,Avon,Hartford County,pop_change,156
2014,3_towns,0900302060,Avon,Hartford County,pop_change,93
2015,3_towns,0900302060,Avon,Hartford County,pop_change,37
2016,3_towns,0900302060,Avon,Hartford County,pop_change,17
2017,3_towns,0900302060,Avon,Hartford County,pop_change,29
2018,3_towns,0900302060,Avon,Hartford County,pop_change,-43
1990,3_towns,0900304300,Berlin,Hartford County,pop_change,0
2000,3_towns,0900304300,Berlin,Hartford County,pop_change,1428
2010,3_towns,0900304300,Berlin,Hartford County,pop_change,1651
2011,3_towns,0900304300,Berlin,Hartford County,pop_change,-172
2012,3_towns,0900304300,Berlin,Hartford County,pop_change,280
2013,3_towns,0900304300,Berlin,Hartford County,pop_change,205
2014,3_towns,0900304300,Berlin,Hartford County,pop_change,173
2015,3_towns,0900304300,Berlin,Hartford County,pop_change,134
2016,3_towns,0900304300,Berlin,Hartford County,pop_change,43
2017,3_towns,0900304300,Berlin,Hartford County,pop_change,55
2018,3_towns,0900304300,Berlin,Hartford County,pop_change,-65
1990,3_towns,0900305910,Bloomfield,Hartford County,pop_change,0
2000,3_towns,0900305910,Bloomfield,Hartford County,pop_change,104
2010,3_towns,0900305910,Bloomfield,Hartford County,pop_change,899
2011,3_towns,0900305910,Bloomfield,Hartford County,pop_change,-80
2012,3_towns,0900305910,Bloomfield,Hartford County,pop_change,64
2013,3_towns,0900305910,Bloomfield,Hartford County,pop_change,92
2014,3_towns,0900305910,Bloomfield,Hartford County,pop_change,64
2015,3_towns,0900305910,Bloomfield,Hartford County,pop_change,53
2016,3_towns,0900305910,Bloomfield,Hartford County,pop_change,8
2017,3_towns,0900305910,Bloomfield,Hartford County,pop_change,161
2018,3_towns,0900305910,Bloomfield,Hartford County,pop_change,104
1990,3_towns,0900308490,Bristol,Hartford County,pop_change,0
2000,3_towns,0900308490,Bristol,Hartford County,pop_change,-578
2010,3_towns,0900308490,Bristol,Hartford County,pop_change,415
2011,3_towns,0900308490,Bristol,Hartford County,pop_change,-4
2012,3_towns,0900308490,Bristol,Hartford County,pop_change,29
2013,3_towns,0900308490,Bristol,Hartford County,pop_change,34
2014,3_towns,0900308490,Bristol,Hartford County,pop_change,20
2015,3_towns,0900308490,Bristol,Hartford County,pop_change,-2
2016,3_towns,0900308490,Bristol,Hartford County,pop_change,-117
2017,3_towns,0900308490,Bristol,Hartford County,pop_change,61
2018,3_towns,0900308490,Bristol,Hartford County,pop_change,-190
1990,3_towns,0900310100,Burlington,Hartford County,pop_change,0
2000,3_towns,0900310100,Burlington,Hartford County,pop_change,1164
2010,3_towns,0900310100,Burlington,Hartford County,pop_change,1111
2011,3_towns,0900310100,Burlington,Hartford County,pop_change,-110
2012,3_towns,0900310100,Burlington,Hartford County,pop_change,102
2013,3_towns,0900310100,Burlington,Hartford County,pop_change,91
2014,3_towns,0900310100,Burlington,Hartford County,pop_change,59
2015,3_towns,0900310100,Burlington,Hartford County,pop_change,56
2016,3_towns,0900310100,Burlington,Hartford County,pop_change,41
2017,3_towns,0900310100,Burlington,Hartford County,pop_change,58
2018,3_towns,0900310100,Burlington,Hartford County,pop_change,9
1990,3_towns,0900312270,Canton,Hartford County,pop_change,0
2000,3_towns,0900312270,Canton,Hartford County,pop_change,572
2010,3_towns,0900312270,Canton,Hartford County,pop_change,1452
2011,3_towns,0900312270,Canton,Hartford County,pop_change,-153
2012,3_towns,0900312270,Canton,Hartford County,pop_change,104
2013,3_towns,0900312270,Canton,Hartford County,pop_change,61
2014,3_towns,0900312270,Canton,Hartford County,pop_change,30
2015,3_towns,0900312270,Canton,Hartford County,pop_change,2
2016,3_towns,0900312270,Canton,Hartford County,pop_change,-17
2017,3_towns,0900312270,Canton,Hartford County,pop_change,20
2018,3_towns,0900312270,Canton,Hartford County,pop_change,-33
1990,3_towns,0900322070,East Granby,Hartford County,pop_change,0
2000,3_towns,0900322070,East Granby,Hartford County,pop_change,443
2010,3_towns,0900322070,East Granby,Hartford County,pop_change,403
2011,3_towns,0900322070,East Granby,Hartford County,pop_change,-93
2012,3_towns,0900322070,East Granby,Hartford County,pop_change,0
2013,3_towns,0900322070,East Granby,Hartford County,pop_change,-19
2014,3_towns,0900322070,East Granby,Hartford County,pop_change,62
2015,3_towns,0900322070,East Granby,Hartford County,pop_change,25
2016,3_towns,0900322070,East Granby,Hartford County,pop_change,113
2017,3_towns,0900322070,East Granby,Hartford County,pop_change,-16
2018,3_towns,0900322070,East Granby,Hartford County,pop_change,36
1990,3_towns,0900322630,East Hartford,Hartford County,pop_change,0
2000,3_towns,0900322630,East Hartford,Hartford County,pop_change,-877
2010,3_towns,0900322630,East Hartford,Hartford County,pop_change,1677
2011,3_towns,0900322630,East Hartford,Hartford County,pop_change,-161
2012,3_towns,0900322630,East Hartford,Hartford County,pop_change,80
2013,3_towns,0900322630,East Hartford,Hartford County,pop_change,70
2014,3_towns,0900322630,East Hartford,Hartford County,pop_change,-30
2015,3_towns,0900322630,East Hartford,Hartford County,pop_change,-74
2016,3_towns,0900322630,East Hartford,Hartford County,pop_change,-303
2017,3_towns,0900322630,East Hartford,Hartford County,pop_change,-22
2018,3_towns,0900322630,East Hartford,Hartford County,pop_change,-359
1990,3_towns,0900324800,East Windsor,Hartford County,pop_change,0
2000,3_towns,0900324800,East Windsor,Hartford County,pop_change,-263
2010,3_towns,0900324800,East Windsor,Hartford County,pop_change,1344
2011,3_towns,0900324800,East Windsor,Hartford County,pop_change,-138
2012,3_towns,0900324800,East Windsor,Hartford County,pop_change,172
2013,3_towns,0900324800,East Windsor,Hartford County,pop_change,85
2014,3_towns,0900324800,East Windsor,Hartford County,pop_change,72
2015,3_towns,0900324800,East Windsor,Hartford County,pop_change,34
2016,3_towns,0900324800,East Windsor,Hartford County,pop_change,6
2017,3_towns,0900324800,East Windsor,Hartford County,pop_change,16
2018,3_towns,0900324800,East Windsor,Hartford County,pop_change,-30
1990,3_towns,0900325990,Enfield,Hartford County,pop_change,0
2000,3_towns,0900325990,Enfield,Hartford County,pop_change,-320
2010,3_towns,0900325990,Enfield,Hartford County,pop_change,-558
2011,3_towns,0900325990,Enfield,Hartford County,pop_change,93
2012,3_towns,0900325990,Enfield,Hartford County,pop_change,-48
2013,3_towns,0900325990,Enfield,Hartford County,pop_change,0
2014,3_towns,0900325990,Enfield,Hartford County,pop_change,14
2015,3_towns,0900325990,Enfield,Hartford County,pop_change,-126
2016,3_towns,0900325990,Enfield,Hartford County,pop_change,-72
2017,3_towns,0900325990,Enfield,Hartford County,pop_change,93
2018,3_towns,0900325990,Enfield,Hartford County,pop_change,-153
1990,3_towns,0900327600,Farmington,Hartford County,pop_change,0
2000,3_towns,0900327600,Farmington,Hartford County,pop_change,3033
2010,3_towns,0900327600,Farmington,Hartford County,pop_change,1699
2011,3_towns,0900327600,Farmington,Hartford County,pop_change,-154
2012,3_towns,0900327600,Farmington,Hartford County,pop_change,143
2013,3_towns,0900327600,Farmington,Hartford County,pop_change,100
2014,3_towns,0900327600,Farmington,Hartford County,pop_change,86
2015,3_towns,0900327600,Farmington,Hartford County,pop_change,48
2016,3_towns,0900327600,Farmington,Hartford County,pop_change,6
2017,3_towns,0900327600,Farmington,Hartford County,pop_change,27
2018,3_towns,0900327600,Farmington,Hartford County,pop_change,-50
1990,3_towns,0900331240,Glastonbury,Hartford County,pop_change,0
2000,3_towns,0900331240,Glastonbury,Hartford County,pop_change,3975
2010,3_towns,0900331240,Glastonbury,Hartford County,pop_change,2551
2011,3_towns,0900331240,Glastonbury,Hartford County,pop_change,-256
2012,3_towns,0900331240,Glastonbury,Hartford County,pop_change,230
2013,3_towns,0900331240,Glastonbury,Hartford County,pop_change,150
2014,3_towns,0900331240,Glastonbury,Hartford County,pop_change,110
2015,3_towns,0900331240,Glastonbury,Hartford County,pop_change,24
2016,3_towns,0900331240,Glastonbury,Hartford County,pop_change,-8
2017,3_towns,0900331240,Glastonbury,Hartford County,pop_change,11
2018,3_towns,0900331240,Glastonbury,Hartford County,pop_change,-110
1990,3_towns,0900332640,Granby,Hartford County,pop_change,0
2000,3_towns,0900332640,Granby,Hartford County,pop_change,978
2010,3_towns,0900332640,Granby,Hartford County,pop_change,935
2011,3_towns,0900332640,Granby,Hartford County,pop_change,-90
2012,3_towns,0900332640,Granby,Hartford County,pop_change,51
2013,3_towns,0900332640,Granby,Hartford County,pop_change,41
2014,3_towns,0900332640,Granby,Hartford County,pop_change,26
2015,3_towns,0900332640,Granby,Hartford County,pop_change,0
2016,3_towns,0900332640,Granby,Hartford County,pop_change,-18
2017,3_towns,0900332640,Granby,Hartford County,pop_change,31
2018,3_towns,0900332640,Granby,Hartford County,pop_change,-18
1990,3_towns,0900337070,Hartford,Hartford County,pop_change,0
2000,3_towns,0900337070,Hartford,Hartford County,pop_change,-18161
2010,3_towns,0900337070,Hartford,Hartford County,pop_change,3197
2011,3_towns,0900337070,Hartford,Hartford County,pop_change,42
2012,3_towns,0900337070,Hartford,Hartford County,pop_change,62
2013,3_towns,0900337070,Hartford,Hartford County,pop_change,251
2014,3_towns,0900337070,Hartford,Hartford County,pop_change,81
2015,3_towns,0900337070,Hartford,Hartford County,pop_change,-416
2016,3_towns,0900337070,Hartford,Hartford County,pop_change,-475
2017,3_towns,0900337070,Hartford,Hartford County,pop_change,70
2018,3_towns,0900337070,Hartford,Hartford County,pop_change,-762
1990,3_towns,0900337140,Hartland,Hartford County,pop_change,0
2000,3_towns,0900337140,Hartland,Hartford County,pop_change,146
2010,3_towns,0900337140,Hartland,Hartford County,pop_change,102
2011,3_towns,0900337140,Hartland,Hartford County,pop_change,44
2012,3_towns,0900337140,Hartland,Hartford County,pop_change,40
2013,3_towns,0900337140,Hartland,Hartford County,pop_change,59
2014,3_towns,0900337140,Hartland,Hartford County,pop_change,-46
2015,3_towns,0900337140,Hartland,Hartford County,pop_change,-15
2016,3_towns,0900337140,Hartland,Hartford County,pop_change,-109
2017,3_towns,0900337140,Hartland,Hartford County,pop_change,-4
2018,3_towns,0900337140,Hartland,Hartford County,pop_change,-42
1990,3_towns,0900344700,Manchester,Hartford County,pop_change,0
2000,3_towns,0900344700,Manchester,Hartford County,pop_change,3122
2010,3_towns,0900344700,Manchester,Hartford County,pop_change,3501
2011,3_towns,0900344700,Manchester,Hartford County,pop_change,-344
2012,3_towns,0900344700,Manchester,Hartford County,pop_change,181
2013,3_towns,0900344700,Manchester,Hartford County,pop_change,118
2014,3_towns,0900344700,Manchester,Hartford County,pop_change,74
2015,3_towns,0900344700,Manchester,Hartford County,pop_change,-83
2016,3_towns,0900344700,Manchester,Hartford County,pop_change,-114
2017,3_towns,0900344700,Manchester,Hartford County,pop_change,99
2018,3_towns,0900344700,Manchester,Hartford County,pop_change,-217
1990,3_towns,0900345820,Marlborough,Hartford County,pop_change,0
2000,3_towns,0900345820,Marlborough,Hartford County,pop_change,174
2010,3_towns,0900345820,Marlborough,Hartford County,pop_change,695
2011,3_towns,0900345820,Marlborough,Hartford County,pop_change,-69
2012,3_towns,0900345820,Marlborough,Hartford County,pop_change,47
2013,3_towns,0900345820,Marlborough,Hartford County,pop_change,16
2014,3_towns,0900345820,Marlborough,Hartford County,pop_change,30
2015,3_towns,0900345820,Marlborough,Hartford County,pop_change,11
2016,3_towns,0900345820,Marlborough,Hartford County,pop_change,-13
2017,3_towns,0900345820,Marlborough,Hartford County,pop_change,-6
2018,3_towns,0900345820,Marlborough,Hartford County,pop_change,-26
1990,3_towns,0900350440,New Britain,Hartford County,pop_change,0
2000,3_towns,0900350440,New Britain,Hartford County,pop_change,-3953
2010,3_towns,0900350440,New Britain,Hartford County,pop_change,1668
2011,3_towns,0900350440,New Britain,Hartford County,pop_change,-151
2012,3_towns,0900350440,New Britain,Hartford County,pop_change,67
2013,3_towns,0900350440,New Britain,Hartford County,pop_change,-10
2014,3_towns,0900350440,New Britain,Hartford County,pop_change,-17
2015,3_towns,0900350440,New Britain,Hartford County,pop_change,-107
2016,3_towns,0900350440,New Britain,Hartford County,pop_change,-112
2017,3_towns,0900350440,New Britain,Hartford County,pop_change,193
2018,3_towns,0900350440,New Britain,Hartford County,pop_change,-230
1990,3_towns,0900352140,Newington,Hartford County,pop_change,0
2000,3_towns,0900352140,Newington,Hartford County,pop_change,98
2010,3_towns,0900352140,Newington,Hartford County,pop_change,1256
2011,3_towns,0900352140,Newington,Hartford County,pop_change,-121
2012,3_towns,0900352140,Newington,Hartford County,pop_change,79
2013,3_towns,0900352140,Newington,Hartford County,pop_change,86
2014,3_towns,0900352140,Newington,Hartford County,pop_change,46
2015,3_towns,0900352140,Newington,Hartford County,pop_change,-14
2016,3_towns,0900352140,Newington,Hartford County,pop_change,-48
2017,3_towns,0900352140,Newington,Hartford County,pop_change,13
2018,3_towns,0900352140,Newington,Hartford County,pop_change,-280
1990,3_towns,0900360120,Plainville,Hartford County,pop_change,0
2000,3_towns,0900360120,Plainville,Hartford County,pop_change,-64
2010,3_towns,0900360120,Plainville,Hartford County,pop_change,388
2011,3_towns,0900360120,Plainville,Hartford County,pop_change,-46
2012,3_towns,0900360120,Plainville,Hartford County,pop_change,56
2013,3_towns,0900360120,Plainville,Hartford County,pop_change,41
2014,3_towns,0900360120,Plainville,Hartford County,pop_change,24
2015,3_towns,0900360120,Plainville,Hartford County,pop_change,0
2016,3_towns,0900360120,Plainville,Hartford County,pop_change,-19
2017,3_towns,0900360120,Plainville,Hartford County,pop_change,33
2018,3_towns,0900360120,Plainville,Hartford County,pop_change,-85
1990,3_towns,0900365370,Rocky Hill,Hartford County,pop_change,0
2000,3_towns,0900365370,Rocky Hill,Hartford County,pop_change,1412
2010,3_towns,0900365370,Rocky Hill,Hartford County,pop_change,1743
2011,3_towns,0900365370,Rocky Hill,Hartford County,pop_change,-176
2012,3_towns,0900365370,Rocky Hill,Hartford County,pop_change,98
2013,3_towns,0900365370,Rocky Hill,Hartford County,pop_change,112
2014,3_towns,0900365370,Rocky Hill,Hartford County,pop_change,95
2015,3_towns,0900365370,Rocky Hill,Hartford County,pop_change,1
2016,3_towns,0900365370,Rocky Hill,Hartford County,pop_change,81
2017,3_towns,0900365370,Rocky Hill,Hartford County,pop_change,95
2018,3_towns,0900365370,Rocky Hill,Hartford County,pop_change,122
1990,3_towns,0900368940,Simsbury,Hartford County,pop_change,0
2000,3_towns,0900368940,Simsbury,Hartford County,pop_change,1211
2010,3_towns,0900368940,Simsbury,Hartford County,pop_change,277
2011,3_towns,0900368940,Simsbury,Hartford County,pop_change,-13
2012,3_towns,0900368940,Simsbury,Hartford County,pop_change,37
2013,3_towns,0900368940,Simsbury,Hartford County,pop_change,56
2014,3_towns,0900368940,Simsbury,Hartford County,pop_change,90
2015,3_towns,0900368940,Simsbury,Hartford County,pop_change,163
2016,3_towns,0900368940,Simsbury,Hartford County,pop_change,171
2017,3_towns,0900368940,Simsbury,Hartford County,pop_change,292
2018,3_towns,0900368940,Simsbury,Hartford County,pop_change,212
1990,3_towns,0900370550,Southington,Hartford County,pop_change,0
2000,3_towns,0900370550,Southington,Hartford County,pop_change,1210
2010,3_towns,0900370550,Southington,Hartford County,pop_change,3341
2011,3_towns,0900370550,Southington,Hartford County,pop_change,-338
2012,3_towns,0900370550,Southington,Hartford County,pop_change,307
2013,3_towns,0900370550,Southington,Hartford County,pop_change,250
2014,3_towns,0900370550,Southington,Hartford County,pop_change,221
2015,3_towns,0900370550,Southington,Hartford County,pop_change,116
2016,3_towns,0900370550,Southington,Hartford County,pop_change,50
2017,3_towns,0900370550,Southington,Hartford County,pop_change,142
2018,3_towns,0900370550,Southington,Hartford County,pop_change,-54
1990,3_towns,0900371390,South Windsor,Hartford County,pop_change,0
2000,3_towns,0900371390,South Windsor,Hartford County,pop_change,2322
2010,3_towns,0900371390,South Windsor,Hartford County,pop_change,1297
2011,3_towns,0900371390,South Windsor,Hartford County,pop_change,-132
2012,3_towns,0900371390,South Windsor,Hartford County,pop_change,107
2013,3_towns,0900371390,South Windsor,Hartford County,pop_change,72
2014,3_towns,0900371390,South Windsor,Hartford County,pop_change,39
2015,3_towns,0900371390,South Windsor,Hartford County,pop_change,11
2016,3_towns,0900371390,South Windsor,Hartford County,pop_change,-13
2017,3_towns,0900371390,South Windsor,Hartford County,pop_change,9
2018,3_towns,0900371390,South Windsor,Hartford County,pop_change,21
1990,3_towns,0900374540,Suffield,Hartford County,pop_change,0
2000,3_towns,0900374540,Suffield,Hartford County,pop_change,2125
2010,3_towns,0900374540,Suffield,Hartford County,pop_change,2183
2011,3_towns,0900374540,Suffield,Hartford County,pop_change,-222
2012,3_towns,0900374540,Suffield,Hartford County,pop_change,179
2013,3_towns,0900374540,Suffield,Hartford County,pop_change,39
2014,3_towns,0900374540,Suffield,Hartford County,pop_change,33
2015,3_towns,0900374540,Suffield,Hartford County,pop_change,-107
2016,3_towns,0900374540,Suffield,Hartford County,pop_change,-39
2017,3_towns,0900374540,Suffield,Hartford County,pop_change,57
2018,3_towns,0900374540,Suffield,Hartford County,pop_change,-13
1990,3_towns,0900382590,West Hartford,Hartford County,pop_change,0
2000,3_towns,0900382590,West Hartford,Hartford County,pop_change,3479
2010,3_towns,0900382590,West Hartford,Hartford County,pop_change,-321
2011,3_towns,0900382590,West Hartford,Hartford County,pop_change,-202
2012,3_towns,0900382590,West Hartford,Hartford County,pop_change,91
2013,3_towns,0900382590,West Hartford,Hartford County,pop_change,183
2014,3_towns,0900382590,West Hartford,Hartford County,pop_change,56
2015,3_towns,0900382590,West Hartford,Hartford County,pop_change,-108
2016,3_towns,0900382590,West Hartford,Hartford County,pop_change,-101
2017,3_towns,0900382590,West Hartford,Hartford County,pop_change,173
2018,3_towns,0900382590,West Hartford,Hartford County,pop_change,-233
1990,3_towns,0900384900,Wethersfield,Hartford County,pop_change,0
2000,3_towns,0900384900,Wethersfield,Hartford County,pop_change,620
2010,3_towns,0900384900,Wethersfield,Hartford County,pop_change,397
2011,3_towns,0900384900,Wethersfield,Hartford County,pop_change,-27
2012,3_towns,0900384900,Wethersfield,Hartford County,pop_change,29
2013,3_towns,0900384900,Wethersfield,Hartford County,pop_change,-80
2014,3_towns,0900384900,Wethersfield,Hartford County,pop_change,-11
2015,3_towns,0900384900,Wethersfield,Hartford County,pop_change,-69
2016,3_towns,0900384900,Wethersfield,Hartford County,pop_change,-114
2017,3_towns,0900384900,Wethersfield,Hartford County,pop_change,-1
2018,3_towns,0900384900,Wethersfield,Hartford County,pop_change,-128
1990,3_towns,0900387000,Windsor,Hartford County,pop_change,0
2000,3_towns,0900387000,Windsor,Hartford County,pop_change,420
2010,3_towns,0900387000,Windsor,Hartford County,pop_change,807
2011,3_towns,0900387000,Windsor,Hartford County,pop_change,-82
2012,3_towns,0900387000,Windsor,Hartford County,pop_change,105
2013,3_towns,0900387000,Windsor,Hartford County,pop_change,33
2014,3_towns,0900387000,Windsor,Hartford County,pop_change,30
2015,3_towns,0900387000,Windsor,Hartford County,pop_change,-35
2016,3_towns,0900387000,Windsor,Hartford County,pop_change,-61
2017,3_towns,0900387000,Windsor,Hartford County,pop_change,3
2018,3_towns,0900387000,Windsor,Hartford County,pop_change,-120
1990,3_towns,0900387070,Windsor Locks,Hartford County,pop_change,0
2000,3_towns,0900387070,Windsor Locks,Hartford County,pop_change,-315
2010,3_towns,0900387070,Windsor Locks,Hartford County,pop_change,455
2011,3_towns,0900387070,Windsor Locks,Hartford County,pop_change,-32
2012,3_towns,0900387070,Windsor Locks,Hartford County,pop_change,34
2013,3_towns,0900387070,Windsor Locks,Hartford County,pop_change,31
2014,3_towns,0900387070,Windsor Locks,Hartford County,pop_change,23
2015,3_towns,0900387070,Windsor Locks,Hartford County,pop_change,10
2016,3_towns,0900387070,Windsor Locks,Hartford County,pop_change,-27
2017,3_towns,0900387070,Windsor Locks,Hartford County,pop_change,26
2018,3_towns,0900387070,Windsor Locks,Hartford County,pop_change,50
1990,3_towns,0900502760,Barkhamsted,Litchfield County,pop_change,0
2000,3_towns,0900502760,Barkhamsted,Litchfield County,pop_change,125
2010,3_towns,0900502760,Barkhamsted,Litchfield County,pop_change,305
2011,3_towns,0900502760,Barkhamsted,Litchfield County,pop_change,-16
2012,3_towns,0900502760,Barkhamsted,Litchfield County,pop_change,8
2013,3_towns,0900502760,Barkhamsted,Litchfield County,pop_change,-19
2014,3_towns,0900502760,Barkhamsted,Litchfield County,pop_change,-23
2015,3_towns,0900502760,Barkhamsted,Litchfield County,pop_change,-18
2016,3_towns,0900502760,Barkhamsted,Litchfield County,pop_change,-21
2017,3_towns,0900502760,Barkhamsted,Litchfield County,pop_change,-17
2018,3_towns,0900502760,Barkhamsted,Litchfield County,pop_change,-22
1990,3_towns,0900504930,Bethlehem,Litchfield County,pop_change,0
2000,3_towns,0900504930,Bethlehem,Litchfield County,pop_change,351
2010,3_towns,0900504930,Bethlehem,Litchfield County,pop_change,185
2011,3_towns,0900504930,Bethlehem,Litchfield County,pop_change,-11
2012,3_towns,0900504930,Bethlehem,Litchfield County,pop_change,-2
2013,3_towns,0900504930,Bethlehem,Litchfield County,pop_change,-9
2014,3_towns,0900504930,Bethlehem,Litchfield County,pop_change,-34
2015,3_towns,0900504930,Bethlehem,Litchfield County,pop_change,-28
2016,3_towns,0900504930,Bethlehem,Litchfield County,pop_change,-31
2017,3_towns,0900504930,Bethlehem,Litchfield County,pop_change,-2
2018,3_towns,0900504930,Bethlehem,Litchfield County,pop_change,-38
1990,3_towns,0900508210,Bridgewater,Litchfield County,pop_change,0
2000,3_towns,0900508210,Bridgewater,Litchfield County,pop_change,170
2010,3_towns,0900508210,Bridgewater,Litchfield County,pop_change,-97
2011,3_towns,0900508210,Bridgewater,Litchfield County,pop_change,63
2012,3_towns,0900508210,Bridgewater,Litchfield County,pop_change,-86
2013,3_towns,0900508210,Bridgewater,Litchfield County,pop_change,25
2014,3_towns,0900508210,Bridgewater,Litchfield County,pop_change,18
2015,3_towns,0900508210,Bridgewater,Litchfield County,pop_change,-68
2016,3_towns,0900508210,Bridgewater,Litchfield County,pop_change,-11
2017,3_towns,0900508210,Bridgewater,Litchfield County,pop_change,13
2018,3_towns,0900508210,Bridgewater,Litchfield County,pop_change,25
1990,3_towns,0900510940,Canaan,Litchfield County,pop_change,0
2000,3_towns,0900510940,Canaan,Litchfield County,pop_change,24
2010,3_towns,0900510940,Canaan,Litchfield County,pop_change,153
2011,3_towns,0900510940,Canaan,Litchfield County,pop_change,-51
2012,3_towns,0900510940,Canaan,Litchfield County,pop_change,12
2013,3_towns,0900510940,Canaan,Litchfield County,pop_change,-47
2014,3_towns,0900510940,Canaan,Litchfield County,pop_change,92
2015,3_towns,0900510940,Canaan,Litchfield County,pop_change,-91
2016,3_towns,0900510940,Canaan,Litchfield County,pop_change,32
2017,3_towns,0900510940,Canaan,Litchfield County,pop_change,-53
2018,3_towns,0900510940,Canaan,Litchfield County,pop_change,68
1990,3_towns,0900516050,Colebrook,Litchfield County,pop_change,0
2000,3_towns,0900516050,Colebrook,Litchfield County,pop_change,106
2010,3_towns,0900516050,Colebrook,Litchfield County,pop_change,14
2011,3_towns,0900516050,Colebrook,Litchfield County,pop_change,-90
2012,3_towns,0900516050,Colebrook,Litchfield County,pop_change,98
2013,3_towns,0900516050,Colebrook,Litchfield County,pop_change,30
2014,3_towns,0900516050,Colebrook,Litchfield County,pop_change,71
2015,3_towns,0900516050,Colebrook,Litchfield County,pop_change,39
2016,3_towns,0900516050,Colebrook,Litchfield County,pop_change,-48
2017,3_towns,0900516050,Colebrook,Litchfield County,pop_change,-114
2018,3_towns,0900516050,Colebrook,Litchfield County,pop_change,47
1990,3_towns,0900517240,Cornwall,Litchfield County,pop_change,0
2000,3_towns,0900517240,Cornwall,Litchfield County,pop_change,20
2010,3_towns,0900517240,Cornwall,Litchfield County,pop_change,-14
2011,3_towns,0900517240,Cornwall,Litchfield County,pop_change,49
2012,3_towns,0900517240,Cornwall,Litchfield County,pop_change,-76
2013,3_towns,0900517240,Cornwall,Litchfield County,pop_change,126
2014,3_towns,0900517240,Cornwall,Litchfield County,pop_change,-14
2015,3_towns,0900517240,Cornwall,Litchfield County,pop_change,-143
2016,3_towns,0900517240,Cornwall,Litchfield County,pop_change,-26
2017,3_towns,0900517240,Cornwall,Litchfield County,pop_change,28
2018,3_towns,0900517240,Cornwall,Litchfield County,pop_change,-62
1990,3_towns,0900532290,Goshen,Litchfield County,pop_change,0
2000,3_towns,0900532290,Goshen,Litchfield County,pop_change,368
2010,3_towns,0900532290,Goshen,Litchfield County,pop_change,279
2011,3_towns,0900532290,Goshen,Litchfield County,pop_change,-19
2012,3_towns,0900532290,Goshen,Litchfield County,pop_change,0
2013,3_towns,0900532290,Goshen,Litchfield County,pop_change,-4
2014,3_towns,0900532290,Goshen,Litchfield County,pop_change,3
2015,3_towns,0900532290,Goshen,Litchfield County,pop_change,-13
2016,3_towns,0900532290,Goshen,Litchfield County,pop_change,-24
2017,3_towns,0900532290,Goshen,Litchfield County,pop_change,-5
2018,3_towns,0900532290,Goshen,Litchfield County,pop_change,-11
1990,3_towns,0900537280,Harwinton,Litchfield County,pop_change,0
2000,3_towns,0900537280,Harwinton,Litchfield County,pop_change,55
2010,3_towns,0900537280,Harwinton,Litchfield County,pop_change,359
2011,3_towns,0900537280,Harwinton,Litchfield County,pop_change,-24
2012,3_towns,0900537280,Harwinton,Litchfield County,pop_change,2
2013,3_towns,0900537280,Harwinton,Litchfield County,pop_change,16
2014,3_towns,0900537280,Harwinton,Litchfield County,pop_change,-44
2015,3_towns,0900537280,Harwinton,Litchfield County,pop_change,-21
2016,3_towns,0900537280,Harwinton,Litchfield County,pop_change,-30
2017,3_towns,0900537280,Harwinton,Litchfield County,pop_change,-15
2018,3_towns,0900537280,Harwinton,Litchfield County,pop_change,-57
1990,3_towns,0900540290,Kent,Litchfield County,pop_change,0
2000,3_towns,0900540290,Kent,Litchfield County,pop_change,-60
2010,3_towns,0900540290,Kent,Litchfield County,pop_change,121
2011,3_towns,0900540290,Kent,Litchfield County,pop_change,3
2012,3_towns,0900540290,Kent,Litchfield County,pop_change,-11
2013,3_towns,0900540290,Kent,Litchfield County,pop_change,-7
2014,3_towns,0900540290,Kent,Litchfield County,pop_change,-13
2015,3_towns,0900540290,Kent,Litchfield County,pop_change,-34
2016,3_towns,0900540290,Kent,Litchfield County,pop_change,-36
2017,3_towns,0900540290,Kent,Litchfield County,pop_change,-28
2018,3_towns,0900540290,Kent,Litchfield County,pop_change,-29
1990,3_towns,0900543370,Litchfield,Litchfield County,pop_change,0
2000,3_towns,0900543370,Litchfield,Litchfield County,pop_change,-49
2010,3_towns,0900543370,Litchfield,Litchfield County,pop_change,150
2011,3_towns,0900543370,Litchfield,Litchfield County,pop_change,18
2012,3_towns,0900543370,Litchfield,Litchfield County,pop_change,-30
2013,3_towns,0900543370,Litchfield,Litchfield County,pop_change,-48
2014,3_towns,0900543370,Litchfield,Litchfield County,pop_change,-41
2015,3_towns,0900543370,Litchfield,Litchfield County,pop_change,-59
2016,3_towns,0900543370,Litchfield,Litchfield County,pop_change,-29
2017,3_towns,0900543370,Litchfield,Litchfield County,pop_change,-25
2018,3_towns,0900543370,Litchfield,Litchfield County,pop_change,-54
1990,3_towns,0900549460,Morris,Litchfield County,pop_change,0
2000,3_towns,0900549460,Morris,Litchfield County,pop_change,262
2010,3_towns,0900549460,Morris,Litchfield County,pop_change,87
2011,3_towns,0900549460,Morris,Litchfield County,pop_change,23
2012,3_towns,0900549460,Morris,Litchfield County,pop_change,58
2013,3_towns,0900549460,Morris,Litchfield County,pop_change,-89
2014,3_towns,0900549460,Morris,Litchfield County,pop_change,-91
2015,3_towns,0900549460,Morris,Litchfield County,pop_change,25
2016,3_towns,0900549460,Morris,Litchfield County,pop_change,39
2017,3_towns,0900549460,Morris,Litchfield County,pop_change,14
2018,3_towns,0900549460,Morris,Litchfield County,pop_change,-79
1990,3_towns,0900551350,New Hartford,Litchfield County,pop_change,0
2000,3_towns,0900551350,New Hartford,Litchfield County,pop_change,319
2010,3_towns,0900551350,New Hartford,Litchfield County,pop_change,882
2011,3_towns,0900551350,New Hartford,Litchfield County,pop_change,-69
2012,3_towns,0900551350,New Hartford,Litchfield County,pop_change,23
2013,3_towns,0900551350,New Hartford,Litchfield County,pop_change,8
2014,3_towns,0900551350,New Hartford,Litchfield County,pop_change,-22
2015,3_towns,0900551350,New Hartford,Litchfield County,pop_change,-57
2016,3_towns,0900551350,New Hartford,Litchfield County,pop_change,-29
2017,3_towns,0900551350,New Hartford,Litchfield County,pop_change,-30
2018,3_towns,0900551350,New Hartford,Litchfield County,pop_change,-39
1990,3_towns,0900552630,New Milford,Litchfield County,pop_change,0
2000,3_towns,0900552630,New Milford,Litchfield County,pop_change,3492
2010,3_towns,0900552630,New Milford,Litchfield County,pop_change,1021
2011,3_towns,0900552630,New Milford,Litchfield County,pop_change,-20
2012,3_towns,0900552630,New Milford,Litchfield County,pop_change,-55
2013,3_towns,0900552630,New Milford,Litchfield County,pop_change,-84
2014,3_towns,0900552630,New Milford,Litchfield County,pop_change,-162
2015,3_towns,0900552630,New Milford,Litchfield County,pop_change,-151
2016,3_towns,0900552630,New Milford,Litchfield County,pop_change,-169
2017,3_towns,0900552630,New Milford,Litchfield County,pop_change,-121
2018,3_towns,0900552630,New Milford,Litchfield County,pop_change,-184
1990,3_towns,0900553470,Norfolk,Litchfield County,pop_change,0
2000,3_towns,0900553470,Norfolk,Litchfield County,pop_change,-400
2010,3_towns,0900553470,Norfolk,Litchfield County,pop_change,49
2011,3_towns,0900553470,Norfolk,Litchfield County,pop_change,-135
2012,3_towns,0900553470,Norfolk,Litchfield County,pop_change,-82
2013,3_towns,0900553470,Norfolk,Litchfield County,pop_change,5
2014,3_towns,0900553470,Norfolk,Litchfield County,pop_change,-11
2015,3_towns,0900553470,Norfolk,Litchfield County,pop_change,64
2016,3_towns,0900553470,Norfolk,Litchfield County,pop_change,-103
2017,3_towns,0900553470,Norfolk,Litchfield County,pop_change,-5
2018,3_towns,0900553470,Norfolk,Litchfield County,pop_change,61
1990,3_towns,0900554030,North Canaan,Litchfield County,pop_change,0
2000,3_towns,0900554030,North Canaan,Litchfield County,pop_change,66
2010,3_towns,0900554030,North Canaan,Litchfield County,pop_change,-35
2011,3_towns,0900554030,North Canaan,Litchfield County,pop_change,14
2012,3_towns,0900554030,North Canaan,Litchfield County,pop_change,-28
2013,3_towns,0900554030,North Canaan,Litchfield County,pop_change,-15
2014,3_towns,0900554030,North Canaan,Litchfield County,pop_change,-24
2015,3_towns,0900554030,North Canaan,Litchfield County,pop_change,-23
2016,3_towns,0900554030,North Canaan,Litchfield County,pop_change,-9
2017,3_towns,0900554030,North Canaan,Litchfield County,pop_change,101
2018,3_towns,0900554030,North Canaan,Litchfield County,pop_change,-29
1990,3_towns,0900560750,Plymouth,Litchfield County,pop_change,0
2000,3_towns,0900560750,Plymouth,Litchfield County,pop_change,-188
2010,3_towns,0900560750,Plymouth,Litchfield County,pop_change,609
2011,3_towns,0900560750,Plymouth,Litchfield County,pop_change,-25
2012,3_towns,0900560750,Plymouth,Litchfield County,pop_change,-25
2013,3_towns,0900560750,Plymouth,Litchfield County,pop_change,-45
2014,3_towns,0900560750,Plymouth,Litchfield County,pop_change,-63
2015,3_towns,0900560750,Plymouth,Litchfield County,pop_change,-81
2016,3_towns,0900560750,Plymouth,Litchfield County,pop_change,-78
2017,3_towns,0900560750,Plymouth,Litchfield County,pop_change,-38
2018,3_towns,0900560750,Plymouth,Litchfield County,pop_change,-106
1990,3_towns,0900565930,Roxbury,Litchfield County,pop_change,0
2000,3_towns,0900565930,Roxbury,Litchfield County,pop_change,311
2010,3_towns,0900565930,Roxbury,Litchfield County,pop_change,126
2011,3_towns,0900565930,Roxbury,Litchfield County,pop_change,53
2012,3_towns,0900565930,Roxbury,Litchfield County,pop_change,7
2013,3_towns,0900565930,Roxbury,Litchfield County,pop_change,-21
2014,3_towns,0900565930,Roxbury,Litchfield County,pop_change,-28
2015,3_towns,0900565930,Roxbury,Litchfield County,pop_change,-2
2016,3_towns,0900565930,Roxbury,Litchfield County,pop_change,-11
2017,3_towns,0900565930,Roxbury,Litchfield County,pop_change,-29
2018,3_towns,0900565930,Roxbury,Litchfield County,pop_change,-128
1990,3_towns,0900566420,Salisbury,Litchfield County,pop_change,0
2000,3_towns,0900566420,Salisbury,Litchfield County,pop_change,-113
2010,3_towns,0900566420,Salisbury,Litchfield County,pop_change,-236
2011,3_towns,0900566420,Salisbury,Litchfield County,pop_change,42
2012,3_towns,0900566420,Salisbury,Litchfield County,pop_change,-36
2013,3_towns,0900566420,Salisbury,Litchfield County,pop_change,-25
2014,3_towns,0900566420,Salisbury,Litchfield County,pop_change,-14
2015,3_towns,0900566420,Salisbury,Litchfield County,pop_change,-23
2016,3_towns,0900566420,Salisbury,Litchfield County,pop_change,-16
2017,3_towns,0900566420,Salisbury,Litchfield County,pop_change,-11
2018,3_towns,0900566420,Salisbury,Litchfield County,pop_change,-27
1990,3_towns,0900567960,Sharon,Litchfield County,pop_change,0
2000,3_towns,0900567960,Sharon,Litchfield County,pop_change,40
2010,3_towns,0900567960,Sharon,Litchfield County,pop_change,-186
2011,3_towns,0900567960,Sharon,Litchfield County,pop_change,22
2012,3_towns,0900567960,Sharon,Litchfield County,pop_change,-15
2013,3_towns,0900567960,Sharon,Litchfield County,pop_change,-20
2014,3_towns,0900567960,Sharon,Litchfield County,pop_change,-23
2015,3_towns,0900567960,Sharon,Litchfield County,pop_change,-10
2016,3_towns,0900567960,Sharon,Litchfield County,pop_change,-10
2017,3_towns,0900567960,Sharon,Litchfield County,pop_change,7
2018,3_towns,0900567960,Sharon,Litchfield County,pop_change,-12
1990,3_towns,0900575730,Thomaston,Litchfield County,pop_change,0
2000,3_towns,0900575730,Thomaston,Litchfield County,pop_change,556
2010,3_towns,0900575730,Thomaston,Litchfield County,pop_change,384
2011,3_towns,0900575730,Thomaston,Litchfield County,pop_change,-25
2012,3_towns,0900575730,Thomaston,Litchfield County,pop_change,3
2013,3_towns,0900575730,Thomaston,Litchfield County,pop_change,-34
2014,3_towns,0900575730,Thomaston,Litchfield County,pop_change,-38
2015,3_towns,0900575730,Thomaston,Litchfield County,pop_change,-57
2016,3_towns,0900575730,Thomaston,Litchfield County,pop_change,-37
2017,3_towns,0900575730,Thomaston,Litchfield County,pop_change,-31
2018,3_towns,0900575730,Thomaston,Litchfield County,pop_change,-45
1990,3_towns,0900576570,Torrington,Litchfield County,pop_change,0
2000,3_towns,0900576570,Torrington,Litchfield County,pop_change,1515
2010,3_towns,0900576570,Torrington,Litchfield County,pop_change,1181
2011,3_towns,0900576570,Torrington,Litchfield County,pop_change,-3
2012,3_towns,0900576570,Torrington,Litchfield County,pop_change,-141
2013,3_towns,0900576570,Torrington,Litchfield County,pop_change,-178
2014,3_towns,0900576570,Torrington,Litchfield County,pop_change,-287
2015,3_towns,0900576570,Torrington,Litchfield County,pop_change,-281
2016,3_towns,0900576570,Torrington,Litchfield County,pop_change,-266
2017,3_towns,0900576570,Torrington,Litchfield County,pop_change,-149
2018,3_towns,0900576570,Torrington,Litchfield County,pop_change,-341
1990,3_towns,0900579510,Warren,Litchfield County,pop_change,0
2000,3_towns,0900579510,Warren,Litchfield County,pop_change,28
2010,3_towns,0900579510,Warren,Litchfield County,pop_change,207
2011,3_towns,0900579510,Warren,Litchfield County,pop_change,70
2012,3_towns,0900579510,Warren,Litchfield County,pop_change,29
2013,3_towns,0900579510,Warren,Litchfield County,pop_change,-85
2014,3_towns,0900579510,Warren,Litchfield County,pop_change,-85
2015,3_towns,0900579510,Warren,Litchfield County,pop_change,74
2016,3_towns,0900579510,Warren,Litchfield County,pop_change,31
2017,3_towns,0900579510,Warren,Litchfield County,pop_change,-28
2018,3_towns,0900579510,Warren,Litchfield County,pop_change,-35
1990,3_towns,0900579720,Washington,Litchfield County,pop_change,0
2000,3_towns,0900579720,Washington,Litchfield County,pop_change,-309
2010,3_towns,0900579720,Washington,Litchfield County,pop_change,-18
2011,3_towns,0900579720,Washington,Litchfield County,pop_change,8
2012,3_towns,0900579720,Washington,Litchfield County,pop_change,-12
2013,3_towns,0900579720,Washington,Litchfield County,pop_change,-12
2014,3_towns,0900579720,Washington,Litchfield County,pop_change,-33
2015,3_towns,0900579720,Washington,Litchfield County,pop_change,-12
2016,3_towns,0900579720,Washington,Litchfield County,pop_change,-20
2017,3_towns,0900579720,Washington,Litchfield County,pop_change,-8
2018,3_towns,0900579720,Washington,Litchfield County,pop_change,-17
1990,3_towns,0900580490,Watertown,Litchfield County,pop_change,0
2000,3_towns,0900580490,Watertown,Litchfield County,pop_change,1205
2010,3_towns,0900580490,Watertown,Litchfield County,pop_change,853
2011,3_towns,0900580490,Watertown,Litchfield County,pop_change,-12
2012,3_towns,0900580490,Watertown,Litchfield County,pop_change,-53
2013,3_towns,0900580490,Watertown,Litchfield County,pop_change,-62
2014,3_towns,0900580490,Watertown,Litchfield County,pop_change,-101
2015,3_towns,0900580490,Watertown,Litchfield County,pop_change,-125
2016,3_towns,0900580490,Watertown,Litchfield County,pop_change,-113
2017,3_towns,0900580490,Watertown,Litchfield County,pop_change,-72
2018,3_towns,0900580490,Watertown,Litchfield County,pop_change,-144
1990,3_towns,0900586440,Winchester,Litchfield County,pop_change,0
2000,3_towns,0900586440,Winchester,Litchfield County,pop_change,-860
2010,3_towns,0900586440,Winchester,Litchfield County,pop_change,578
2011,3_towns,0900586440,Winchester,Litchfield County,pop_change,-26
2012,3_towns,0900586440,Winchester,Litchfield County,pop_change,-27
2013,3_towns,0900586440,Winchester,Litchfield County,pop_change,-39
2014,3_towns,0900586440,Winchester,Litchfield County,pop_change,-61
2015,3_towns,0900586440,Winchester,Litchfield County,pop_change,-83
2016,3_towns,0900586440,Winchester,Litchfield County,pop_change,-80
2017,3_towns,0900586440,Winchester,Litchfield County,pop_change,-32
2018,3_towns,0900586440,Winchester,Litchfield County,pop_change,-96
1990,3_towns,0900587910,Woodbury,Litchfield County,pop_change,0
2000,3_towns,0900587910,Woodbury,Litchfield County,pop_change,1067
2010,3_towns,0900587910,Woodbury,Litchfield County,pop_change,777
2011,3_towns,0900587910,Woodbury,Litchfield County,pop_change,-47
2012,3_towns,0900587910,Woodbury,Litchfield County,pop_change,-3
2013,3_towns,0900587910,Woodbury,Litchfield County,pop_change,-15
2014,3_towns,0900587910,Woodbury,Litchfield County,pop_change,-59
2015,3_towns,0900587910,Woodbury,Litchfield County,pop_change,-60
2016,3_towns,0900587910,Woodbury,Litchfield County,pop_change,-68
2017,3_towns,0900587910,Woodbury,Litchfield County,pop_change,-37
2018,3_towns,0900587910,Woodbury,Litchfield County,pop_change,-69
1990,3_towns,0900714300,Chester,Middlesex County,pop_change,0
2000,3_towns,0900714300,Chester,Middlesex County,pop_change,326
2010,3_towns,0900714300,Chester,Middlesex County,pop_change,251
2011,3_towns,0900714300,Chester,Middlesex County,pop_change,-10
2012,3_towns,0900714300,Chester,Middlesex County,pop_change,106
2013,3_towns,0900714300,Chester,Middlesex County,pop_change,64
2014,3_towns,0900714300,Chester,Middlesex County,pop_change,69
2015,3_towns,0900714300,Chester,Middlesex County,pop_change,40
2016,3_towns,0900714300,Chester,Middlesex County,pop_change,27
2017,3_towns,0900714300,Chester,Middlesex County,pop_change,-4
2018,3_towns,0900714300,Chester,Middlesex County,pop_change,-18
1990,3_towns,0900715350,Clinton,Middlesex County,pop_change,0
2000,3_towns,0900715350,Clinton,Middlesex County,pop_change,327
2010,3_towns,0900715350,Clinton,Middlesex County,pop_change,166
2011,3_towns,0900715350,Clinton,Middlesex County,pop_change,31
2012,3_towns,0900715350,Clinton,Middlesex County,pop_change,-32
2013,3_towns,0900715350,Clinton,Middlesex County,pop_change,-20
2014,3_towns,0900715350,Clinton,Middlesex County,pop_change,-51
2015,3_towns,0900715350,Clinton,Middlesex County,pop_change,-21
2016,3_towns,0900715350,Clinton,Middlesex County,pop_change,-95
2017,3_towns,0900715350,Clinton,Middlesex County,pop_change,-31
2018,3_towns,0900715350,Clinton,Middlesex County,pop_change,-65
1990,3_towns,0900718080,Cromwell,Middlesex County,pop_change,0
2000,3_towns,0900718080,Cromwell,Middlesex County,pop_change,585
2010,3_towns,0900718080,Cromwell,Middlesex County,pop_change,1134
2011,3_towns,0900718080,Cromwell,Middlesex County,pop_change,-54
2012,3_towns,0900718080,Cromwell,Middlesex County,pop_change,108
2013,3_towns,0900718080,Cromwell,Middlesex County,pop_change,17
2014,3_towns,0900718080,Cromwell,Middlesex County,pop_change,1
2015,3_towns,0900718080,Cromwell,Middlesex County,pop_change,9
2016,3_towns,0900718080,Cromwell,Middlesex County,pop_change,-37
2017,3_towns,0900718080,Cromwell,Middlesex County,pop_change,-28
2018,3_towns,0900718080,Cromwell,Middlesex County,pop_change,-48
1990,3_towns,0900719130,Deep River,Middlesex County,pop_change,0
2000,3_towns,0900719130,Deep River,Middlesex County,pop_change,278
2010,3_towns,0900719130,Deep River,Middlesex County,pop_change,19
2011,3_towns,0900719130,Deep River,Middlesex County,pop_change,23
2012,3_towns,0900719130,Deep River,Middlesex County,pop_change,-16
2013,3_towns,0900719130,Deep River,Middlesex County,pop_change,-21
2014,3_towns,0900719130,Deep River,Middlesex County,pop_change,-4
2015,3_towns,0900719130,Deep River,Middlesex County,pop_change,-40
2016,3_towns,0900719130,Deep River,Middlesex County,pop_change,-19
2017,3_towns,0900719130,Deep River,Middlesex County,pop_change,-5
2018,3_towns,0900719130,Deep River,Middlesex County,pop_change,-54
1990,3_towns,0900720810,Durham,Middlesex County,pop_change,0
2000,3_towns,0900720810,Durham,Middlesex County,pop_change,895
2010,3_towns,0900720810,Durham,Middlesex County,pop_change,761
2011,3_towns,0900720810,Durham,Middlesex County,pop_change,-46
2012,3_towns,0900720810,Durham,Middlesex County,pop_change,26
2013,3_towns,0900720810,Durham,Middlesex County,pop_change,12
2014,3_towns,0900720810,Durham,Middlesex County,pop_change,-9
2015,3_towns,0900720810,Durham,Middlesex County,pop_change,-22
2016,3_towns,0900720810,Durham,Middlesex County,pop_change,-27
2017,3_towns,0900720810,Durham,Middlesex County,pop_change,-30
2018,3_towns,0900720810,Durham,Middlesex County,pop_change,-44
1990,3_towns,0900722280,East Haddam,Middlesex County,pop_change,0
2000,3_towns,0900722280,East Haddam,Middlesex County,pop_change,1657
2010,3_towns,0900722280,East Haddam,Middlesex County,pop_change,793
2011,3_towns,0900722280,East Haddam,Middlesex County,pop_change,-57
2012,3_towns,0900722280,East Haddam,Middlesex County,pop_change,51
2013,3_towns,0900722280,East Haddam,Middlesex County,pop_change,18
2014,3_towns,0900722280,East Haddam,Middlesex County,pop_change,4
2015,3_towns,0900722280,East Haddam,Middlesex County,pop_change,-3
2016,3_towns,0900722280,East Haddam,Middlesex County,pop_change,-41
2017,3_towns,0900722280,East Haddam,Middlesex County,pop_change,-26
2018,3_towns,0900722280,East Haddam,Middlesex County,pop_change,-40
1990,3_towns,0900722490,East Hampton,Middlesex County,pop_change,0
2000,3_towns,0900722490,East Hampton,Middlesex County,pop_change,2924
2010,3_towns,0900722490,East Hampton,Middlesex County,pop_change,-393
2011,3_towns,0900722490,East Hampton,Middlesex County,pop_change,-33
2012,3_towns,0900722490,East Hampton,Middlesex County,pop_change,27
2013,3_towns,0900722490,East Hampton,Middlesex County,pop_change,-4
2014,3_towns,0900722490,East Hampton,Middlesex County,pop_change,-13
2015,3_towns,0900722490,East Hampton,Middlesex County,pop_change,-21
2016,3_towns,0900722490,East Hampton,Middlesex County,pop_change,-37
2017,3_towns,0900722490,East Hampton,Middlesex County,pop_change,12
2018,3_towns,0900722490,East Hampton,Middlesex County,pop_change,-34
1990,3_towns,0900726270,Essex,Middlesex County,pop_change,0
2000,3_towns,0900726270,Essex,Middlesex County,pop_change,601
2010,3_towns,0900726270,Essex,Middlesex County,pop_change,178
2011,3_towns,0900726270,Essex,Middlesex County,pop_change,14
2012,3_towns,0900726270,Essex,Middlesex County,pop_change,-15
2013,3_towns,0900726270,Essex,Middlesex County,pop_change,-14
2014,3_towns,0900726270,Essex,Middlesex County,pop_change,-25
2015,3_towns,0900726270,Essex,Middlesex County,pop_change,-9
2016,3_towns,0900726270,Essex,Middlesex County,pop_change,-40
2017,3_towns,0900726270,Essex,Middlesex County,pop_change,-6
2018,3_towns,0900726270,Essex,Middlesex County,pop_change,11
1990,3_towns,0900735230,Haddam,Middlesex County,pop_change,0
2000,3_towns,0900735230,Haddam,Middlesex County,pop_change,388
2010,3_towns,0900735230,Haddam,Middlesex County,pop_change,1189
2011,3_towns,0900735230,Haddam,Middlesex County,pop_change,-79
2012,3_towns,0900735230,Haddam,Middlesex County,pop_change,41
2013,3_towns,0900735230,Haddam,Middlesex County,pop_change,35
2014,3_towns,0900735230,Haddam,Middlesex County,pop_change,13
2015,3_towns,0900735230,Haddam,Middlesex County,pop_change,-18
2016,3_towns,0900735230,Haddam,Middlesex County,pop_change,-35
2017,3_towns,0900735230,Haddam,Middlesex County,pop_change,0
2018,3_towns,0900735230,Haddam,Middlesex County,pop_change,-36
1990,3_towns,0900740710,Killingworth,Middlesex County,pop_change,0
2000,3_towns,0900740710,Killingworth,Middlesex County,pop_change,1204
2010,3_towns,0900740710,Killingworth,Middlesex County,pop_change,507
2011,3_towns,0900740710,Killingworth,Middlesex County,pop_change,-26
2012,3_towns,0900740710,Killingworth,Middlesex County,pop_change,13
2013,3_towns,0900740710,Killingworth,Middlesex County,pop_change,-11
2014,3_towns,0900740710,Killingworth,Middlesex County,pop_change,15
2015,3_towns,0900740710,Killingworth,Middlesex County,pop_change,-26
2016,3_towns,0900740710,Killingworth,Middlesex County,pop_change,-26
2017,3_towns,0900740710,Killingworth,Middlesex County,pop_change,-23
2018,3_towns,0900740710,Killingworth,Middlesex County,pop_change,-27
1990,3_towns,0900747080,Middlefield,Middlesex County,pop_change,0
2000,3_towns,0900747080,Middlefield,Middlesex County,pop_change,278
2010,3_towns,0900747080,Middlefield,Middlesex County,pop_change,222
2011,3_towns,0900747080,Middlefield,Middlesex County,pop_change,-7
2012,3_towns,0900747080,Middlefield,Middlesex County,pop_change,8
2013,3_towns,0900747080,Middlefield,Middlesex County,pop_change,-5
2014,3_towns,0900747080,Middlefield,Middlesex County,pop_change,5
2015,3_towns,0900747080,Middlefield,Middlesex County,pop_change,1
2016,3_towns,0900747080,Middlefield,Middlesex County,pop_change,-24
2017,3_towns,0900747080,Middlefield,Middlesex County,pop_change,-1
2018,3_towns,0900747080,Middlefield,Middlesex County,pop_change,-17
1990,3_towns,0900747360,Middletown,Middlesex County,pop_change,0
2000,3_towns,0900747360,Middletown,Middlesex County,pop_change,405
2010,3_towns,0900747360,Middletown,Middlesex County,pop_change,4481
2011,3_towns,0900747360,Middletown,Middlesex County,pop_change,-138
2012,3_towns,0900747360,Middletown,Middlesex County,pop_change,20
2013,3_towns,0900747360,Middletown,Middlesex County,pop_change,9
2014,3_towns,0900747360,Middletown,Middlesex County,pop_change,-115
2015,3_towns,0900747360,Middletown,Middlesex County,pop_change,-206
2016,3_towns,0900747360,Middletown,Middlesex County,pop_change,-285
2017,3_towns,0900747360,Middletown,Middlesex County,pop_change,-186
2018,3_towns,0900747360,Middletown,Middlesex County,pop_change,-274
1990,3_towns,0900757320,Old Saybrook,Middlesex County,pop_change,0
2000,3_towns,0900757320,Old Saybrook,Middlesex County,pop_change,815
2010,3_towns,0900757320,Old Saybrook,Middlesex County,pop_change,-125
2011,3_towns,0900757320,Old Saybrook,Middlesex County,pop_change,65
2012,3_towns,0900757320,Old Saybrook,Middlesex County,pop_change,-39
2013,3_towns,0900757320,Old Saybrook,Middlesex County,pop_change,-10
2014,3_towns,0900757320,Old Saybrook,Middlesex County,pop_change,-36
2015,3_towns,0900757320,Old Saybrook,Middlesex County,pop_change,-9
2016,3_towns,0900757320,Old Saybrook,Middlesex County,pop_change,-39
2017,3_towns,0900757320,Old Saybrook,Middlesex County,pop_change,-12
2018,3_towns,0900757320,Old Saybrook,Middlesex County,pop_change,-44
1990,3_towns,0900761800,Portland,Middlesex County,pop_change,0
2000,3_towns,0900761800,Portland,Middlesex County,pop_change,314
2010,3_towns,0900761800,Portland,Middlesex County,pop_change,776
2011,3_towns,0900761800,Portland,Middlesex County,pop_change,-38
2012,3_towns,0900761800,Portland,Middlesex County,pop_change,30
2013,3_towns,0900761800,Portland,Middlesex County,pop_change,-13
2014,3_towns,0900761800,Portland,Middlesex County,pop_change,-4
2015,3_towns,0900761800,Portland,Middlesex County,pop_change,-36
2016,3_towns,0900761800,Portland,Middlesex County,pop_change,-43
2017,3_towns,0900761800,Portland,Middlesex County,pop_change,-13
2018,3_towns,0900761800,Portland,Middlesex County,pop_change,-29
1990,3_towns,0900781680,Westbrook,Middlesex County,pop_change,0
2000,3_towns,0900781680,Westbrook,Middlesex County,pop_change,878
2010,3_towns,0900781680,Westbrook,Middlesex County,pop_change,646
2011,3_towns,0900781680,Westbrook,Middlesex County,pop_change,-47
2012,3_towns,0900781680,Westbrook,Middlesex County,pop_change,37
2013,3_towns,0900781680,Westbrook,Middlesex County,pop_change,-6
2014,3_towns,0900781680,Westbrook,Middlesex County,pop_change,-6
2015,3_towns,0900781680,Westbrook,Middlesex County,pop_change,-8
2016,3_towns,0900781680,Westbrook,Middlesex County,pop_change,-6
2017,3_towns,0900781680,Westbrook,Middlesex County,pop_change,25
2018,3_towns,0900781680,Westbrook,Middlesex County,pop_change,-23
1990,3_towns,0900901220,Ansonia,New Haven County,pop_change,0
2000,3_towns,0900901220,Ansonia,New Haven County,pop_change,151
2010,3_towns,0900901220,Ansonia,New Haven County,pop_change,695
2011,3_towns,0900901220,Ansonia,New Haven County,pop_change,-56
2012,3_towns,0900901220,Ansonia,New Haven County,pop_change,-5
2013,3_towns,0900901220,Ansonia,New Haven County,pop_change,-25
2014,3_towns,0900901220,Ansonia,New Haven County,pop_change,-35
2015,3_towns,0900901220,Ansonia,New Haven County,pop_change,-93
2016,3_towns,0900901220,Ansonia,New Haven County,pop_change,-85
2017,3_towns,0900901220,Ansonia,New Haven County,pop_change,3
2018,3_towns,0900901220,Ansonia,New Haven County,pop_change,-93
1990,3_towns,0900903250,Beacon Falls,New Haven County,pop_change,0
2000,3_towns,0900903250,Beacon Falls,New Haven County,pop_change,163
2010,3_towns,0900903250,Beacon Falls,New Haven County,pop_change,803
2011,3_towns,0900903250,Beacon Falls,New Haven County,pop_change,-80
2012,3_towns,0900903250,Beacon Falls,New Haven County,pop_change,46
2013,3_towns,0900903250,Beacon Falls,New Haven County,pop_change,23
2014,3_towns,0900903250,Beacon Falls,New Haven County,pop_change,27
2015,3_towns,0900903250,Beacon Falls,New Haven County,pop_change,4
2016,3_towns,0900903250,Beacon Falls,New Haven County,pop_change,6
2017,3_towns,0900903250,Beacon Falls,New Haven County,pop_change,33
2018,3_towns,0900903250,Beacon Falls,New Haven County,pop_change,7
1990,3_towns,0900904580,Bethany,New Haven County,pop_change,0
2000,3_towns,0900904580,Bethany,New Haven County,pop_change,432
2010,3_towns,0900904580,Bethany,New Haven County,pop_change,523
2011,3_towns,0900904580,Bethany,New Haven County,pop_change,-50
2012,3_towns,0900904580,Bethany,New Haven County,pop_change,11
2013,3_towns,0900904580,Bethany,New Haven County,pop_change,31
2014,3_towns,0900904580,Bethany,New Haven County,pop_change,-9
2015,3_towns,0900904580,Bethany,New Haven County,pop_change,-13
2016,3_towns,0900904580,Bethany,New Haven County,pop_change,-12
2017,3_towns,0900904580,Bethany,New Haven County,pop_change,5
2018,3_towns,0900904580,Bethany,New Haven County,pop_change,-22
1990,3_towns,0900907310,Branford,New Haven County,pop_change,0
2000,3_towns,0900907310,Branford,New Haven County,pop_change,1080
2010,3_towns,0900907310,Branford,New Haven County,pop_change,-657
2011,3_towns,0900907310,Branford,New Haven County,pop_change,73
2012,3_towns,0900907310,Branford,New Haven County,pop_change,-37
2013,3_towns,0900907310,Branford,New Haven County,pop_change,-37
2014,3_towns,0900907310,Branford,New Haven County,pop_change,41
2015,3_towns,0900907310,Branford,New Haven County,pop_change,8
2016,3_towns,0900907310,Branford,New Haven County,pop_change,10
2017,3_towns,0900907310,Branford,New Haven County,pop_change,65
2018,3_towns,0900907310,Branford,New Haven County,pop_change,-55
1990,3_towns,0900914160,Cheshire,New Haven County,pop_change,0
2000,3_towns,0900914160,Cheshire,New Haven County,pop_change,2859
2010,3_towns,0900914160,Cheshire,New Haven County,pop_change,718
2011,3_towns,0900914160,Cheshire,New Haven County,pop_change,-61
2012,3_towns,0900914160,Cheshire,New Haven County,pop_change,53
2013,3_towns,0900914160,Cheshire,New Haven County,pop_change,11
2014,3_towns,0900914160,Cheshire,New Haven County,pop_change,8
2015,3_towns,0900914160,Cheshire,New Haven County,pop_change,-18
2016,3_towns,0900914160,Cheshire,New Haven County,pop_change,0
2017,3_towns,0900914160,Cheshire,New Haven County,pop_change,20
2018,3_towns,0900914160,Cheshire,New Haven County,pop_change,-66
1990,3_towns,0900919550,Derby,New Haven County,pop_change,0
2000,3_towns,0900919550,Derby,New Haven County,pop_change,192
2010,3_towns,0900919550,Derby,New Haven County,pop_change,511
2011,3_towns,0900919550,Derby,New Haven County,pop_change,-57
2012,3_towns,0900919550,Derby,New Haven County,pop_change,13
2013,3_towns,0900919550,Derby,New Haven County,pop_change,-17
2014,3_towns,0900919550,Derby,New Haven County,pop_change,-4
2015,3_towns,0900919550,Derby,New Haven County,pop_change,-41
2016,3_towns,0900919550,Derby,New Haven County,pop_change,-41
2017,3_towns,0900919550,Derby,New Haven County,pop_change,-55
2018,3_towns,0900919550,Derby,New Haven County,pop_change,-104
1990,3_towns,0900922910,East Haven,New Haven County,pop_change,0
2000,3_towns,0900922910,East Haven,New Haven County,pop_change,2045
2010,3_towns,0900922910,East Haven,New Haven County,pop_change,1068
2011,3_towns,0900922910,East Haven,New Haven County,pop_change,-106
2012,3_towns,0900922910,East Haven,New Haven County,pop_change,37
2013,3_towns,0900922910,East Haven,New Haven County,pop_change,-21
2014,3_towns,0900922910,East Haven,New Haven County,pop_change,-28
2015,3_towns,0900922910,East Haven,New Haven County,pop_change,-35
2016,3_towns,0900922910,East Haven,New Haven County,pop_change,-89
2017,3_towns,0900922910,East Haven,New Haven County,pop_change,-9
2018,3_towns,0900922910,East Haven,New Haven County,pop_change,-146
1990,3_towns,0900934950,Guilford,New Haven County,pop_change,0
2000,3_towns,0900934950,Guilford,New Haven County,pop_change,1550
2010,3_towns,0900934950,Guilford,New Haven County,pop_change,977
2011,3_towns,0900934950,Guilford,New Haven County,pop_change,-103
2012,3_towns,0900934950,Guilford,New Haven County,pop_change,81
2013,3_towns,0900934950,Guilford,New Haven County,pop_change,24
2014,3_towns,0900934950,Guilford,New Haven County,pop_change,28
2015,3_towns,0900934950,Guilford,New Haven County,pop_change,-13
2016,3_towns,0900934950,Guilford,New Haven County,pop_change,-10
2017,3_towns,0900934950,Guilford,New Haven County,pop_change,-5
2018,3_towns,0900934950,Guilford,New Haven County,pop_change,-92
1990,3_towns,0900935650,Hamden,New Haven County,pop_change,0
2000,3_towns,0900935650,Hamden,New Haven County,pop_change,4479
2010,3_towns,0900935650,Hamden,New Haven County,pop_change,4047
2011,3_towns,0900935650,Hamden,New Haven County,pop_change,-413
2012,3_towns,0900935650,Hamden,New Haven County,pop_change,188
2013,3_towns,0900935650,Hamden,New Haven County,pop_change,733
2014,3_towns,0900935650,Hamden,New Haven County,pop_change,137
2015,3_towns,0900935650,Hamden,New Haven County,pop_change,-82
2016,3_towns,0900935650,Hamden,New Haven County,pop_change,-47
2017,3_towns,0900935650,Hamden,New Haven County,pop_change,17
2018,3_towns,0900935650,Hamden,New Haven County,pop_change,-287
1990,3_towns,0900944560,Madison,New Haven County,pop_change,0
2000,3_towns,0900944560,Madison,New Haven County,pop_change,2373
2010,3_towns,0900944560,Madison,New Haven County,pop_change,411
2011,3_towns,0900944560,Madison,New Haven County,pop_change,-26
2012,3_towns,0900944560,Madison,New Haven County,pop_change,21
2013,3_towns,0900944560,Madison,New Haven County,pop_change,25
2014,3_towns,0900944560,Madison,New Haven County,pop_change,-5
2015,3_towns,0900944560,Madison,New Haven County,pop_change,-25
2016,3_towns,0900944560,Madison,New Haven County,pop_change,-12
2017,3_towns,0900944560,Madison,New Haven County,pop_change,0
2018,3_towns,0900944560,Madison,New Haven County,pop_change,-64
1990,3_towns,0900946520,Meriden,New Haven County,pop_change,0
2000,3_towns,0900946520,Meriden,New Haven County,pop_change,-1235
2010,3_towns,0900946520,Meriden,New Haven County,pop_change,2624
2011,3_towns,0900946520,Meriden,New Haven County,pop_change,-260
2012,3_towns,0900946520,Meriden,New Haven County,pop_change,66
2013,3_towns,0900946520,Meriden,New Haven County,pop_change,17
2014,3_towns,0900946520,Meriden,New Haven County,pop_change,-75
2015,3_towns,0900946520,Meriden,New Haven County,pop_change,-177
2016,3_towns,0900946520,Meriden,New Haven County,pop_change,-236
2017,3_towns,0900946520,Meriden,New Haven County,pop_change,38
2018,3_towns,0900946520,Meriden,New Haven County,pop_change,-377
1990,3_towns,0900946940,Middlebury,New Haven County,pop_change,0
2000,3_towns,0900946940,Middlebury,New Haven County,pop_change,306
2010,3_towns,0900946940,Middlebury,New Haven County,pop_change,1124
2011,3_towns,0900946940,Middlebury,New Haven County,pop_change,-116
2012,3_towns,0900946940,Middlebury,New Haven County,pop_change,63
2013,3_towns,0900946940,Middlebury,New Haven County,pop_change,28
2014,3_towns,0900946940,Middlebury,New Haven County,pop_change,25
2015,3_towns,0900946940,Middlebury,New Haven County,pop_change,22
2016,3_towns,0900946940,Middlebury,New Haven County,pop_change,9
2017,3_towns,0900946940,Middlebury,New Haven County,pop_change,52
2018,3_towns,0900946940,Middlebury,New Haven County,pop_change,3
1990,3_towns,0900947535,Milford,New Haven County,pop_change,0
2000,3_towns,0900947535,Milford,New Haven County,pop_change,2367
2010,3_towns,0900947535,Milford,New Haven County,pop_change,454
2011,3_towns,0900947535,Milford,New Haven County,pop_change,-27
2012,3_towns,0900947535,Milford,New Haven County,pop_change,94
2013,3_towns,0900947535,Milford,New Haven County,pop_change,68
2014,3_towns,0900947535,Milford,New Haven County,pop_change,145
2015,3_towns,0900947535,Milford,New Haven County,pop_change,167
2016,3_towns,0900947535,Milford,New Haven County,pop_change,224
2017,3_towns,0900947535,Milford,New Haven County,pop_change,437
2018,3_towns,0900947535,Milford,New Haven County,pop_change,180
1990,3_towns,0900949950,Naugatuck,New Haven County,pop_change,0
2000,3_towns,0900949950,Naugatuck,New Haven County,pop_change,364
2010,3_towns,0900949950,Naugatuck,New Haven County,pop_change,873
2011,3_towns,0900949950,Naugatuck,New Haven County,pop_change,-84
2012,3_towns,0900949950,Naugatuck,New Haven County,pop_change,17
2013,3_towns,0900949950,Naugatuck,New Haven County,pop_change,-9
2014,3_towns,0900949950,Naugatuck,New Haven County,pop_change,4
2015,3_towns,0900949950,Naugatuck,New Haven County,pop_change,-68
2016,3_towns,0900949950,Naugatuck,New Haven County,pop_change,-97
2017,3_towns,0900949950,Naugatuck,New Haven County,pop_change,24
2018,3_towns,0900949950,Naugatuck,New Haven County,pop_change,-168
1990,3_towns,0900952070,New Haven,New Haven County,pop_change,0
2000,3_towns,0900952070,New Haven,New Haven County,pop_change,-6848
2010,3_towns,0900952070,New Haven,New Haven County,pop_change,6153
2011,3_towns,0900952070,New Haven,New Haven County,pop_change,-566
2012,3_towns,0900952070,New Haven,New Haven County,pop_change,685
2013,3_towns,0900952070,New Haven,New Haven County,pop_change,440
2014,3_towns,0900952070,New Haven,New Haven County,pop_change,215
2015,3_towns,0900952070,New Haven,New Haven County,pop_change,59
2016,3_towns,0900952070,New Haven,New Haven County,pop_change,-207
2017,3_towns,0900952070,New Haven,New Haven County,pop_change,479
2018,3_towns,0900952070,New Haven,New Haven County,pop_change,-355
1990,3_towns,0900953890,North Branford,New Haven County,pop_change,0
2000,3_towns,0900953890,North Branford,New Haven County,pop_change,910
2010,3_towns,0900953890,North Branford,New Haven County,pop_change,501
2011,3_towns,0900953890,North Branford,New Haven County,pop_change,-51
2012,3_towns,0900953890,North Branford,New Haven County,pop_change,13
2013,3_towns,0900953890,North Branford,New Haven County,pop_change,14
2014,3_towns,0900953890,North Branford,New Haven County,pop_change,4
2015,3_towns,0900953890,North Branford,New Haven County,pop_change,-33
2016,3_towns,0900953890,North Branford,New Haven County,pop_change,-44
2017,3_towns,0900953890,North Branford,New Haven County,pop_change,-35
2018,3_towns,0900953890,North Branford,New Haven County,pop_change,-67
1990,3_towns,0900954870,North Haven,New Haven County,pop_change,0
2000,3_towns,0900954870,North Haven,New Haven County,pop_change,788
2010,3_towns,0900954870,North Haven,New Haven County,pop_change,1058
2011,3_towns,0900954870,North Haven,New Haven County,pop_change,-112
2012,3_towns,0900954870,North Haven,New Haven County,pop_change,56
2013,3_towns,0900954870,North Haven,New Haven County,pop_change,-26
2014,3_towns,0900954870,North Haven,New Haven County,pop_change,-14
2015,3_towns,0900954870,North Haven,New Haven County,pop_change,-60
2016,3_towns,0900954870,North Haven,New Haven County,pop_change,-49
2017,3_towns,0900954870,North Haven,New Haven County,pop_change,-11
2018,3_towns,0900954870,North Haven,New Haven County,pop_change,-91
1990,3_towns,0900957600,Orange,New Haven County,pop_change,0
2000,3_towns,0900957600,Orange,New Haven County,pop_change,403
2010,3_towns,0900957600,Orange,New Haven County,pop_change,723
2011,3_towns,0900957600,Orange,New Haven County,pop_change,-72
2012,3_towns,0900957600,Orange,New Haven County,pop_change,35
2013,3_towns,0900957600,Orange,New Haven County,pop_change,15
2014,3_towns,0900957600,Orange,New Haven County,pop_change,13
2015,3_towns,0900957600,Orange,New Haven County,pop_change,-1
2016,3_towns,0900957600,Orange,New Haven County,pop_change,-5
2017,3_towns,0900957600,Orange,New Haven County,pop_change,40
2018,3_towns,0900957600,Orange,New Haven County,pop_change,-44
1990,3_towns,0900958300,Oxford,New Haven County,pop_change,0
2000,3_towns,0900958300,Oxford,New Haven County,pop_change,1136
2010,3_towns,0900958300,Oxford,New Haven County,pop_change,2862
2011,3_towns,0900958300,Oxford,New Haven County,pop_change,-299
2012,3_towns,0900958300,Oxford,New Haven County,pop_change,218
2013,3_towns,0900958300,Oxford,New Haven County,pop_change,134
2014,3_towns,0900958300,Oxford,New Haven County,pop_change,95
2015,3_towns,0900958300,Oxford,New Haven County,pop_change,43
2016,3_towns,0900958300,Oxford,New Haven County,pop_change,42
2017,3_towns,0900958300,Oxford,New Haven County,pop_change,56
2018,3_towns,0900958300,Oxford,New Haven County,pop_change,50
1990,3_towns,0900962290,Prospect,New Haven County,pop_change,0
2000,3_towns,0900962290,Prospect,New Haven County,pop_change,932
2010,3_towns,0900962290,Prospect,New Haven County,pop_change,698
2011,3_towns,0900962290,Prospect,New Haven County,pop_change,-70
2012,3_towns,0900962290,Prospect,New Haven County,pop_change,115
2013,3_towns,0900962290,Prospect,New Haven County,pop_change,70
2014,3_towns,0900962290,Prospect,New Haven County,pop_change,95
2015,3_towns,0900962290,Prospect,New Haven County,pop_change,63
2016,3_towns,0900962290,Prospect,New Haven County,pop_change,42
2017,3_towns,0900962290,Prospect,New Haven County,pop_change,28
2018,3_towns,0900962290,Prospect,New Haven County,pop_change,-12
1990,3_towns,0900967610,Seymour,New Haven County,pop_change,0
2000,3_towns,0900967610,Seymour,New Haven County,pop_change,1166
2010,3_towns,0900967610,Seymour,New Haven County,pop_change,1086
2011,3_towns,0900967610,Seymour,New Haven County,pop_change,-98
2012,3_towns,0900967610,Seymour,New Haven County,pop_change,45
2013,3_towns,0900967610,Seymour,New Haven County,pop_change,48
2014,3_towns,0900967610,Seymour,New Haven County,pop_change,16
2015,3_towns,0900967610,Seymour,New Haven County,pop_change,-6
2016,3_towns,0900967610,Seymour,New Haven County,pop_change,-5
2017,3_towns,0900967610,Seymour,New Haven County,pop_change,39
2018,3_towns,0900967610,Seymour,New Haven County,pop_change,-57
1990,3_towns,0900969640,Southbury,New Haven County,pop_change,0
2000,3_towns,0900969640,Southbury,New Haven County,pop_change,2749
2010,3_towns,0900969640,Southbury,New Haven County,pop_change,1337
2011,3_towns,0900969640,Southbury,New Haven County,pop_change,-126
2012,3_towns,0900969640,Southbury,New Haven County,pop_change,63
2013,3_towns,0900969640,Southbury,New Haven County,pop_change,23
2014,3_towns,0900969640,Southbury,New Haven County,pop_change,12
2015,3_towns,0900969640,Southbury,New Haven County,pop_change,-86
2016,3_towns,0900969640,Southbury,New Haven County,pop_change,-63
2017,3_towns,0900969640,Southbury,New Haven County,pop_change,-52
2018,3_towns,0900969640,Southbury,New Haven County,pop_change,79
1990,3_towns,0900978740,Wallingford,New Haven County,pop_change,0
2000,3_towns,0900978740,Wallingford,New Haven County,pop_change,2204
2010,3_towns,0900978740,Wallingford,New Haven County,pop_change,2109
2011,3_towns,0900978740,Wallingford,New Haven County,pop_change,-206
2012,3_towns,0900978740,Wallingford,New Haven County,pop_change,118
2013,3_towns,0900978740,Wallingford,New Haven County,pop_change,65
2014,3_towns,0900978740,Wallingford,New Haven County,pop_change,42
2015,3_towns,0900978740,Wallingford,New Haven County,pop_change,-65
2016,3_towns,0900978740,Wallingford,New Haven County,pop_change,-100
2017,3_towns,0900978740,Wallingford,New Haven County,pop_change,2
2018,3_towns,0900978740,Wallingford,New Haven County,pop_change,-220
1990,3_towns,0900980070,Waterbury,New Haven County,pop_change,0
2000,3_towns,0900980070,Waterbury,New Haven County,pop_change,-1690
2010,3_towns,0900980070,Waterbury,New Haven County,pop_change,3095
2011,3_towns,0900980070,Waterbury,New Haven County,pop_change,-291
2012,3_towns,0900980070,Waterbury,New Haven County,pop_change,-1
2013,3_towns,0900980070,Waterbury,New Haven County,pop_change,-22
2014,3_towns,0900980070,Waterbury,New Haven County,pop_change,-165
2015,3_towns,0900980070,Waterbury,New Haven County,pop_change,-336
2016,3_towns,0900980070,Waterbury,New Haven County,pop_change,-340
2017,3_towns,0900980070,Waterbury,New Haven County,pop_change,39
2018,3_towns,0900980070,Waterbury,New Haven County,pop_change,-578
1990,3_towns,0900982870,West Haven,New Haven County,pop_change,0
2000,3_towns,0900982870,West Haven,New Haven County,pop_change,-1661
2010,3_towns,0900982870,West Haven,New Haven County,pop_change,3204
2011,3_towns,0900982870,West Haven,New Haven County,pop_change,-315
2012,3_towns,0900982870,West Haven,New Haven County,pop_change,137
2013,3_towns,0900982870,West Haven,New Haven County,pop_change,-37
2014,3_towns,0900982870,West Haven,New Haven County,pop_change,-59
2015,3_towns,0900982870,West Haven,New Haven County,pop_change,-101
2016,3_towns,0900982870,West Haven,New Haven County,pop_change,-217
2017,3_towns,0900982870,West Haven,New Haven County,pop_change,72
2018,3_towns,0900982870,West Haven,New Haven County,pop_change,-126
1990,3_towns,0900987560,Wolcott,New Haven County,pop_change,0
2000,3_towns,0900987560,Wolcott,New Haven County,pop_change,1515
2010,3_towns,0900987560,Wolcott,New Haven County,pop_change,1465
2011,3_towns,0900987560,Wolcott,New Haven County,pop_change,-148
2012,3_towns,0900987560,Wolcott,New Haven County,pop_change,106
2013,3_towns,0900987560,Wolcott,New Haven County,pop_change,50
2014,3_towns,0900987560,Wolcott,New Haven County,pop_change,36
2015,3_towns,0900987560,Wolcott,New Haven County,pop_change,-7
2016,3_towns,0900987560,Wolcott,New Haven County,pop_change,-10
2017,3_towns,0900987560,Wolcott,New Haven County,pop_change,-11
2018,3_towns,0900987560,Wolcott,New Haven County,pop_change,-44
1990,3_towns,0900987700,Woodbridge,New Haven County,pop_change,0
2000,3_towns,0900987700,Woodbridge,New Haven County,pop_change,1059
2010,3_towns,0900987700,Woodbridge,New Haven County,pop_change,7
2011,3_towns,0900987700,Woodbridge,New Haven County,pop_change,2
2012,3_towns,0900987700,Woodbridge,New Haven County,pop_change,-2
2013,3_towns,0900987700,Woodbridge,New Haven County,pop_change,-9
2014,3_towns,0900987700,Woodbridge,New Haven County,pop_change,-12
2015,3_towns,0900987700,Woodbridge,New Haven County,pop_change,-30
2016,3_towns,0900987700,Woodbridge,New Haven County,pop_change,-14
2017,3_towns,0900987700,Woodbridge,New Haven County,pop_change,-18
2018,3_towns,0900987700,Woodbridge,New Haven County,pop_change,-39
1990,3_towns,0901106820,Bozrah,New London County,pop_change,0
2000,3_towns,0901106820,Bozrah,New London County,pop_change,60
2010,3_towns,0901106820,Bozrah,New London County,pop_change,270
2011,3_towns,0901106820,Bozrah,New London County,pop_change,-24
2012,3_towns,0901106820,Bozrah,New London County,pop_change,2
2013,3_towns,0901106820,Bozrah,New London County,pop_change,13
2014,3_towns,0901106820,Bozrah,New London County,pop_change,13
2015,3_towns,0901106820,Bozrah,New London County,pop_change,-11
2016,3_towns,0901106820,Bozrah,New London County,pop_change,-13
2017,3_towns,0901106820,Bozrah,New London County,pop_change,-20
2018,3_towns,0901106820,Bozrah,New London County,pop_change,-20
1990,3_towns,0901115910,Colchester,New London County,pop_change,0
2000,3_towns,0901115910,Colchester,New London County,pop_change,3571
2010,3_towns,0901115910,Colchester,New London County,pop_change,1517
2011,3_towns,0901115910,Colchester,New London County,pop_change,-139
2012,3_towns,0901115910,Colchester,New London County,pop_change,115
2013,3_towns,0901115910,Colchester,New London County,pop_change,75
2014,3_towns,0901115910,Colchester,New London County,pop_change,24
2015,3_towns,0901115910,Colchester,New London County,pop_change,-1
2016,3_towns,0901115910,Colchester,New London County,pop_change,-30
2017,3_towns,0901115910,Colchester,New London County,pop_change,-97
2018,3_towns,0901115910,Colchester,New London County,pop_change,-88
1990,3_towns,0901123400,East Lyme,New London County,pop_change,0
2000,3_towns,0901123400,East Lyme,New London County,pop_change,2778
2010,3_towns,0901123400,East Lyme,New London County,pop_change,1041
2011,3_towns,0901123400,East Lyme,New London County,pop_change,-79
2012,3_towns,0901123400,East Lyme,New London County,pop_change,88
2013,3_towns,0901123400,East Lyme,New London County,pop_change,-49
2014,3_towns,0901123400,East Lyme,New London County,pop_change,-1
2015,3_towns,0901123400,East Lyme,New London County,pop_change,-242
2016,3_towns,0901123400,East Lyme,New London County,pop_change,53
2017,3_towns,0901123400,East Lyme,New London County,pop_change,-46
2018,3_towns,0901123400,East Lyme,New London County,pop_change,-117
1990,3_towns,0901129910,Franklin,New London County,pop_change,0
2000,3_towns,0901129910,Franklin,New London County,pop_change,25
2010,3_towns,0901129910,Franklin,New London County,pop_change,87
2011,3_towns,0901129910,Franklin,New London County,pop_change,36
2012,3_towns,0901129910,Franklin,New London County,pop_change,26
2013,3_towns,0901129910,Franklin,New London County,pop_change,-34
2014,3_towns,0901129910,Franklin,New London County,pop_change,43
2015,3_towns,0901129910,Franklin,New London County,pop_change,-62
2016,3_towns,0901129910,Franklin,New London County,pop_change,34
2017,3_towns,0901129910,Franklin,New London County,pop_change,-57
2018,3_towns,0901129910,Franklin,New London County,pop_change,-66
1990,3_towns,0901133900,Griswold,New London County,pop_change,0
2000,3_towns,0901133900,Griswold,New London County,pop_change,423
2010,3_towns,0901133900,Griswold,New London County,pop_change,1144
2011,3_towns,0901133900,Griswold,New London County,pop_change,-114
2012,3_towns,0901133900,Griswold,New London County,pop_change,70
2013,3_towns,0901133900,Griswold,New London County,pop_change,52
2014,3_towns,0901133900,Griswold,New London County,pop_change,-7
2015,3_towns,0901133900,Griswold,New London County,pop_change,-30
2016,3_towns,0901133900,Griswold,New London County,pop_change,-74
2017,3_towns,0901133900,Griswold,New London County,pop_change,-57
2018,3_towns,0901133900,Griswold,New London County,pop_change,-98
1990,3_towns,0901134250,Groton,New London County,pop_change,0
2000,3_towns,0901134250,Groton,New London County,pop_change,-5237
2010,3_towns,0901134250,Groton,New London County,pop_change,208
2011,3_towns,0901134250,Groton,New London County,pop_change,75
2012,3_towns,0901134250,Groton,New London County,pop_change,-111
2013,3_towns,0901134250,Groton,New London County,pop_change,47
2014,3_towns,0901134250,Groton,New London County,pop_change,10
2015,3_towns,0901134250,Groton,New London County,pop_change,-150
2016,3_towns,0901134250,Groton,New London County,pop_change,-223
2017,3_towns,0901134250,Groton,New London County,pop_change,-271
2018,3_towns,0901134250,Groton,New London County,pop_change,-387
1990,3_towns,0901142390,Lebanon,New London County,pop_change,0
2000,3_towns,0901142390,Lebanon,New London County,pop_change,866
2010,3_towns,0901142390,Lebanon,New London County,pop_change,401
2011,3_towns,0901142390,Lebanon,New London County,pop_change,-40
2012,3_towns,0901142390,Lebanon,New London County,pop_change,21
2013,3_towns,0901142390,Lebanon,New London County,pop_change,33
2014,3_towns,0901142390,Lebanon,New London County,pop_change,-8
2015,3_towns,0901142390,Lebanon,New London County,pop_change,-19
2016,3_towns,0901142390,Lebanon,New London County,pop_change,-36
2017,3_towns,0901142390,Lebanon,New London County,pop_change,-17
2018,3_towns,0901142390,Lebanon,New London County,pop_change,14
1990,3_towns,0901142600,Ledyard,New London County,pop_change,0
2000,3_towns,0901142600,Ledyard,New London County,pop_change,-226
2010,3_towns,0901142600,Ledyard,New London County,pop_change,364
2011,3_towns,0901142600,Ledyard,New London County,pop_change,-35
2012,3_towns,0901142600,Ledyard,New London County,pop_change,30
2013,3_towns,0901142600,Ledyard,New London County,pop_change,5
2014,3_towns,0901142600,Ledyard,New London County,pop_change,39
2015,3_towns,0901142600,Ledyard,New London County,pop_change,-33
2016,3_towns,0901142600,Ledyard,New London County,pop_change,-49
2017,3_towns,0901142600,Ledyard,New London County,pop_change,-82
2018,3_towns,0901142600,Ledyard,New London County,pop_change,-76
1990,3_towns,0901143230,Lisbon,New London County,pop_change,0
2000,3_towns,0901143230,Lisbon,New London County,pop_change,279
2010,3_towns,0901143230,Lisbon,New London County,pop_change,269
2011,3_towns,0901143230,Lisbon,New London County,pop_change,-16
2012,3_towns,0901143230,Lisbon,New London County,pop_change,11
2013,3_towns,0901143230,Lisbon,New London County,pop_change,1
2014,3_towns,0901143230,Lisbon,New London County,pop_change,6
2015,3_towns,0901143230,Lisbon,New London County,pop_change,-10
2016,3_towns,0901143230,Lisbon,New London County,pop_change,-7
2017,3_towns,0901143230,Lisbon,New London County,pop_change,-23
2018,3_towns,0901143230,Lisbon,New London County,pop_change,-28
1990,3_towns,0901144210,Lyme,New London County,pop_change,0
2000,3_towns,0901144210,Lyme,New London County,pop_change,67
2010,3_towns,0901144210,Lyme,New London County,pop_change,390
2011,3_towns,0901144210,Lyme,New London County,pop_change,-79
2012,3_towns,0901144210,Lyme,New London County,pop_change,32
2013,3_towns,0901144210,Lyme,New London County,pop_change,58
2014,3_towns,0901144210,Lyme,New London County,pop_change,-50
2015,3_towns,0901144210,Lyme,New London County,pop_change,87
2016,3_towns,0901144210,Lyme,New London County,pop_change,-62
2017,3_towns,0901144210,Lyme,New London County,pop_change,31
2018,3_towns,0901144210,Lyme,New London County,pop_change,46
1990,3_towns,0901148900,Montville,New London County,pop_change,0
2000,3_towns,0901148900,Montville,New London County,pop_change,1873
2010,3_towns,0901148900,Montville,New London County,pop_change,1025
2011,3_towns,0901148900,Montville,New London County,pop_change,-66
2012,3_towns,0901148900,Montville,New London County,pop_change,82
2013,3_towns,0901148900,Montville,New London County,pop_change,34
2014,3_towns,0901148900,Montville,New London County,pop_change,28
2015,3_towns,0901148900,Montville,New London County,pop_change,-14
2016,3_towns,0901148900,Montville,New London County,pop_change,-130
2017,3_towns,0901148900,Montville,New London County,pop_change,-121
2018,3_towns,0901148900,Montville,New London County,pop_change,-290
1990,3_towns,0901152350,New London,New London County,pop_change,0
2000,3_towns,0901152350,New London,New London County,pop_change,-2869
2010,3_towns,0901152350,New London,New London County,pop_change,1949
2011,3_towns,0901152350,New London,New London County,pop_change,-70
2012,3_towns,0901152350,New London,New London County,pop_change,63
2013,3_towns,0901152350,New London,New London County,pop_change,-25
2014,3_towns,0901152350,New London,New London County,pop_change,-52
2015,3_towns,0901152350,New London,New London County,pop_change,-113
2016,3_towns,0901152350,New London,New London County,pop_change,-205
2017,3_towns,0901152350,New London,New London County,pop_change,-71
2018,3_towns,0901152350,New London,New London County,pop_change,-115
1990,3_towns,0901155500,North Stonington,New London County,pop_change,0
2000,3_towns,0901155500,North Stonington,New London County,pop_change,107
2010,3_towns,0901155500,North Stonington,New London County,pop_change,306
2011,3_towns,0901155500,North Stonington,New London County,pop_change,-25
2012,3_towns,0901155500,North Stonington,New London County,pop_change,20
2013,3_towns,0901155500,North Stonington,New London County,pop_change,-1
2014,3_towns,0901155500,North Stonington,New London County,pop_change,2
2015,3_towns,0901155500,North Stonington,New London County,pop_change,-17
2016,3_towns,0901155500,North Stonington,New London County,pop_change,0
2017,3_towns,0901155500,North Stonington,New London County,pop_change,-21
2018,3_towns,0901155500,North Stonington,New London County,pop_change,-13
1990,3_towns,0901156270,Norwich,New London County,pop_change,0
2000,3_towns,0901156270,Norwich,New London County,pop_change,-1274
2010,3_towns,0901156270,Norwich,New London County,pop_change,4376
2011,3_towns,0901156270,Norwich,New London County,pop_change,-408
2012,3_towns,0901156270,Norwich,New London County,pop_change,237
2013,3_towns,0901156270,Norwich,New London County,pop_change,102
2014,3_towns,0901156270,Norwich,New London County,pop_change,-46
2015,3_towns,0901156270,Norwich,New London County,pop_change,-124
2016,3_towns,0901156270,Norwich,New London County,pop_change,-197
2017,3_towns,0901156270,Norwich,New London County,pop_change,-182
2018,3_towns,0901156270,Norwich,New London County,pop_change,-308
1990,3_towns,0901157040,Old Lyme,New London County,pop_change,0
2000,3_towns,0901157040,Old Lyme,New London County,pop_change,871
2010,3_towns,0901157040,Old Lyme,New London County,pop_change,197
2011,3_towns,0901157040,Old Lyme,New London County,pop_change,-20
2012,3_towns,0901157040,Old Lyme,New London County,pop_change,17
2013,3_towns,0901157040,Old Lyme,New London County,pop_change,-2
2014,3_towns,0901157040,Old Lyme,New London County,pop_change,-11
2015,3_towns,0901157040,Old Lyme,New London County,pop_change,-22
2016,3_towns,0901157040,Old Lyme,New London County,pop_change,-26
2017,3_towns,0901157040,Old Lyme,New London County,pop_change,-45
2018,3_towns,0901157040,Old Lyme,New London County,pop_change,-63
1990,3_towns,0901162150,Preston,New London County,pop_change,0
2000,3_towns,0901162150,Preston,New London County,pop_change,-318
2010,3_towns,0901162150,Preston,New London County,pop_change,38
2011,3_towns,0901162150,Preston,New London County,pop_change,3
2012,3_towns,0901162150,Preston,New London County,pop_change,7
2013,3_towns,0901162150,Preston,New London County,pop_change,15
2014,3_towns,0901162150,Preston,New London County,pop_change,-16
2015,3_towns,0901162150,Preston,New London County,pop_change,-6
2016,3_towns,0901162150,Preston,New London County,pop_change,-13
2017,3_towns,0901162150,Preston,New London County,pop_change,-23
2018,3_towns,0901162150,Preston,New London County,pop_change,-27
1990,3_towns,0901166210,Salem,New London County,pop_change,0
2000,3_towns,0901166210,Salem,New London County,pop_change,548
2010,3_towns,0901166210,Salem,New London County,pop_change,293
2011,3_towns,0901166210,Salem,New London County,pop_change,-33
2012,3_towns,0901166210,Salem,New London County,pop_change,33
2013,3_towns,0901166210,Salem,New London County,pop_change,22
2014,3_towns,0901166210,Salem,New London County,pop_change,3
2015,3_towns,0901166210,Salem,New London County,pop_change,17
2016,3_towns,0901166210,Salem,New London County,pop_change,-24
2017,3_towns,0901166210,Salem,New London County,pop_change,-7
2018,3_towns,0901166210,Salem,New London County,pop_change,-36
1990,3_towns,0901171670,Sprague,New London County,pop_change,0
2000,3_towns,0901171670,Sprague,New London County,pop_change,-37
2010,3_towns,0901171670,Sprague,New London County,pop_change,13
2011,3_towns,0901171670,Sprague,New London County,pop_change,-1
2012,3_towns,0901171670,Sprague,New London County,pop_change,-1
2013,3_towns,0901171670,Sprague,New London County,pop_change,4
2014,3_towns,0901171670,Sprague,New London County,pop_change,7
2015,3_towns,0901171670,Sprague,New London County,pop_change,-16
2016,3_towns,0901171670,Sprague,New London County,pop_change,-25
2017,3_towns,0901171670,Sprague,New London County,pop_change,-10
2018,3_towns,0901171670,Sprague,New London County,pop_change,-13
1990,3_towns,0901173770,Stonington,New London County,pop_change,0
2000,3_towns,0901173770,Stonington,New London County,pop_change,987
2010,3_towns,0901173770,Stonington,New London County,pop_change,639
2011,3_towns,0901173770,Stonington,New London County,pop_change,-63
2012,3_towns,0901173770,Stonington,New London County,pop_change,46
2013,3_towns,0901173770,Stonington,New London County,pop_change,-1
2014,3_towns,0901173770,Stonington,New London County,pop_change,12
2015,3_towns,0901173770,Stonington,New London County,pop_change,-47
2016,3_towns,0901173770,Stonington,New London County,pop_change,-15
2017,3_towns,0901173770,Stonington,New London County,pop_change,6
2018,3_towns,0901173770,Stonington,New London County,pop_change,-47
1990,3_towns,0901178600,Voluntown,New London County,pop_change,0
2000,3_towns,0901178600,Voluntown,New London County,pop_change,415
2010,3_towns,0901178600,Voluntown,New London County,pop_change,75
2011,3_towns,0901178600,Voluntown,New London County,pop_change,0
2012,3_towns,0901178600,Voluntown,New London County,pop_change,-4
2013,3_towns,0901178600,Voluntown,New London County,pop_change,9
2014,3_towns,0901178600,Voluntown,New London County,pop_change,-6
2015,3_towns,0901178600,Voluntown,New London County,pop_change,-1
2016,3_towns,0901178600,Voluntown,New London County,pop_change,-15
2017,3_towns,0901178600,Voluntown,New London County,pop_change,-16
2018,3_towns,0901178600,Voluntown,New London County,pop_change,-11
1990,3_towns,0901180280,Waterford,New London County,pop_change,0
2000,3_towns,0901180280,Waterford,New London County,pop_change,1222
2010,3_towns,0901180280,Waterford,New London County,pop_change,365
2011,3_towns,0901180280,Waterford,New London County,pop_change,-66
2012,3_towns,0901180280,Waterford,New London County,pop_change,48
2013,3_towns,0901180280,Waterford,New London County,pop_change,9
2014,3_towns,0901180280,Waterford,New London County,pop_change,-9
2015,3_towns,0901180280,Waterford,New London County,pop_change,-72
2016,3_towns,0901180280,Waterford,New London County,pop_change,-95
2017,3_towns,0901180280,Waterford,New London County,pop_change,-132
2018,3_towns,0901180280,Waterford,New London County,pop_change,-148
1990,3_towns,0901301080,Andover,Tolland County,pop_change,0
2000,3_towns,0901301080,Andover,Tolland County,pop_change,496
2010,3_towns,0901301080,Andover,Tolland County,pop_change,267
2011,3_towns,0901301080,Andover,Tolland County,pop_change,-160
2012,3_towns,0901301080,Andover,Tolland County,pop_change,42
2013,3_towns,0901301080,Andover,Tolland County,pop_change,-90
2014,3_towns,0901301080,Andover,Tolland County,pop_change,86
2015,3_towns,0901301080,Andover,Tolland County,pop_change,36
2016,3_towns,0901301080,Andover,Tolland County,pop_change,-6
2017,3_towns,0901301080,Andover,Tolland County,pop_change,-32
2018,3_towns,0901301080,Andover,Tolland County,pop_change,44
1990,3_towns,0901306260,Bolton,Tolland County,pop_change,0
2000,3_towns,0901306260,Bolton,Tolland County,pop_change,442
2010,3_towns,0901306260,Bolton,Tolland County,pop_change,-37
2011,3_towns,0901306260,Bolton,Tolland County,pop_change,26
2012,3_towns,0901306260,Bolton,Tolland County,pop_change,-16
2013,3_towns,0901306260,Bolton,Tolland County,pop_change,-19
2014,3_towns,0901306260,Bolton,Tolland County,pop_change,-8
2015,3_towns,0901306260,Bolton,Tolland County,pop_change,-4
2016,3_towns,0901306260,Bolton,Tolland County,pop_change,-9
2017,3_towns,0901306260,Bolton,Tolland County,pop_change,-3
2018,3_towns,0901306260,Bolton,Tolland County,pop_change,-19
1990,3_towns,0901316400,Columbia,Tolland County,pop_change,0
2000,3_towns,0901316400,Columbia,Tolland County,pop_change,461
2010,3_towns,0901316400,Columbia,Tolland County,pop_change,514
2011,3_towns,0901316400,Columbia,Tolland County,pop_change,-36
2012,3_towns,0901316400,Columbia,Tolland County,pop_change,15
2013,3_towns,0901316400,Columbia,Tolland County,pop_change,12
2014,3_towns,0901316400,Columbia,Tolland County,pop_change,-4
2015,3_towns,0901316400,Columbia,Tolland County,pop_change,-12
2016,3_towns,0901316400,Columbia,Tolland County,pop_change,-4
2017,3_towns,0901316400,Columbia,Tolland County,pop_change,-14
2018,3_towns,0901316400,Columbia,Tolland County,pop_change,-21
1990,3_towns,0901317800,Coventry,Tolland County,pop_change,0
2000,3_towns,0901317800,Coventry,Tolland County,pop_change,1441
2010,3_towns,0901317800,Coventry,Tolland County,pop_change,931
2011,3_towns,0901317800,Coventry,Tolland County,pop_change,-33
2012,3_towns,0901317800,Coventry,Tolland County,pop_change,43
2013,3_towns,0901317800,Coventry,Tolland County,pop_change,-10
2014,3_towns,0901317800,Coventry,Tolland County,pop_change,-1
2015,3_towns,0901317800,Coventry,Tolland County,pop_change,16
2016,3_towns,0901317800,Coventry,Tolland County,pop_change,-4
2017,3_towns,0901317800,Coventry,Tolland County,pop_change,12
2018,3_towns,0901317800,Coventry,Tolland County,pop_change,-36
1990,3_towns,0901325360,Ellington,Tolland County,pop_change,0
2000,3_towns,0901325360,Ellington,Tolland County,pop_change,1724
2010,3_towns,0901325360,Ellington,Tolland County,pop_change,2681
2011,3_towns,0901325360,Ellington,Tolland County,pop_change,-208
2012,3_towns,0901325360,Ellington,Tolland County,pop_change,155
2013,3_towns,0901325360,Ellington,Tolland County,pop_change,126
2014,3_towns,0901325360,Ellington,Tolland County,pop_change,50
2015,3_towns,0901325360,Ellington,Tolland County,pop_change,66
2016,3_towns,0901325360,Ellington,Tolland County,pop_change,89
2017,3_towns,0901325360,Ellington,Tolland County,pop_change,68
2018,3_towns,0901325360,Ellington,Tolland County,pop_change,93
1990,3_towns,0901337910,Hebron,Tolland County,pop_change,0
2000,3_towns,0901337910,Hebron,Tolland County,pop_change,1531
2010,3_towns,0901337910,Hebron,Tolland County,pop_change,1076
2011,3_towns,0901337910,Hebron,Tolland County,pop_change,-66
2012,3_towns,0901337910,Hebron,Tolland County,pop_change,29
2013,3_towns,0901337910,Hebron,Tolland County,pop_change,-11
2014,3_towns,0901337910,Hebron,Tolland County,pop_change,-11
2015,3_towns,0901337910,Hebron,Tolland County,pop_change,-16
2016,3_towns,0901337910,Hebron,Tolland County,pop_change,-31
2017,3_towns,0901337910,Hebron,Tolland County,pop_change,-30
2018,3_towns,0901337910,Hebron,Tolland County,pop_change,-28
1990,3_towns,0901344910,Mansfield,Tolland County,pop_change,0
2000,3_towns,0901344910,Mansfield,Tolland County,pop_change,-383
2010,3_towns,0901344910,Mansfield,Tolland County,pop_change,5823
2011,3_towns,0901344910,Mansfield,Tolland County,pop_change,-413
2012,3_towns,0901344910,Mansfield,Tolland County,pop_change,52
2013,3_towns,0901344910,Mansfield,Tolland County,pop_change,197
2014,3_towns,0901344910,Mansfield,Tolland County,pop_change,-51
2015,3_towns,0901344910,Mansfield,Tolland County,pop_change,-170
2016,3_towns,0901344910,Mansfield,Tolland County,pop_change,-149
2017,3_towns,0901344910,Mansfield,Tolland County,pop_change,10
2018,3_towns,0901344910,Mansfield,Tolland County,pop_change,-42
1990,3_towns,0901369220,Somers,Tolland County,pop_change,0
2000,3_towns,0901369220,Somers,Tolland County,pop_change,1309
2010,3_towns,0901369220,Somers,Tolland County,pop_change,1027
2011,3_towns,0901369220,Somers,Tolland County,pop_change,-59
2012,3_towns,0901369220,Somers,Tolland County,pop_change,66
2013,3_towns,0901369220,Somers,Tolland County,pop_change,-4
2014,3_towns,0901369220,Somers,Tolland County,pop_change,-16
2015,3_towns,0901369220,Somers,Tolland County,pop_change,6
2016,3_towns,0901369220,Somers,Tolland County,pop_change,-69
2017,3_towns,0901369220,Somers,Tolland County,pop_change,-84
2018,3_towns,0901369220,Somers,Tolland County,pop_change,-147
1990,3_towns,0901372090,Stafford,Tolland County,pop_change,0
2000,3_towns,0901372090,Stafford,Tolland County,pop_change,216
2010,3_towns,0901372090,Stafford,Tolland County,pop_change,780
2011,3_towns,0901372090,Stafford,Tolland County,pop_change,-32
2012,3_towns,0901372090,Stafford,Tolland County,pop_change,3
2013,3_towns,0901372090,Stafford,Tolland County,pop_change,-23
2014,3_towns,0901372090,Stafford,Tolland County,pop_change,-22
2015,3_towns,0901372090,Stafford,Tolland County,pop_change,-71
2016,3_towns,0901372090,Stafford,Tolland County,pop_change,-36
2017,3_towns,0901372090,Stafford,Tolland County,pop_change,-5
2018,3_towns,0901372090,Stafford,Tolland County,pop_change,-11
1990,3_towns,0901376290,Tolland,Tolland County,pop_change,0
2000,3_towns,0901376290,Tolland,Tolland County,pop_change,2145
2010,3_towns,0901376290,Tolland,Tolland County,pop_change,1906
2011,3_towns,0901376290,Tolland,Tolland County,pop_change,-121
2012,3_towns,0901376290,Tolland,Tolland County,pop_change,49
2013,3_towns,0901376290,Tolland,Tolland County,pop_change,-3
2014,3_towns,0901376290,Tolland,Tolland County,pop_change,-6
2015,3_towns,0901376290,Tolland,Tolland County,pop_change,-36
2016,3_towns,0901376290,Tolland,Tolland County,pop_change,-31
2017,3_towns,0901376290,Tolland,Tolland County,pop_change,-66
2018,3_towns,0901376290,Tolland,Tolland County,pop_change,-72
1990,3_towns,0901377830,Union,Tolland County,pop_change,0
2000,3_towns,0901377830,Union,Tolland County,pop_change,81
2010,3_towns,0901377830,Union,Tolland County,pop_change,161
2011,3_towns,0901377830,Union,Tolland County,pop_change,136
2012,3_towns,0901377830,Union,Tolland County,pop_change,-36
2013,3_towns,0901377830,Union,Tolland County,pop_change,87
2014,3_towns,0901377830,Union,Tolland County,pop_change,-91
2015,3_towns,0901377830,Union,Tolland County,pop_change,-37
2016,3_towns,0901377830,Union,Tolland County,pop_change,-1
2017,3_towns,0901377830,Union,Tolland County,pop_change,20
2018,3_towns,0901377830,Union,Tolland County,pop_change,-59
1990,3_towns,0901378250,Vernon,Tolland County,pop_change,0
2000,3_towns,0901378250,Vernon,Tolland County,pop_change,-1778
2010,3_towns,0901378250,Vernon,Tolland County,pop_change,1116
2011,3_towns,0901378250,Vernon,Tolland County,pop_change,20
2012,3_towns,0901378250,Vernon,Tolland County,pop_change,-11
2013,3_towns,0901378250,Vernon,Tolland County,pop_change,-9
2014,3_towns,0901378250,Vernon,Tolland County,pop_change,-17
2015,3_towns,0901378250,Vernon,Tolland County,pop_change,-48
2016,3_towns,0901378250,Vernon,Tolland County,pop_change,26
2017,3_towns,0901378250,Vernon,Tolland County,pop_change,42
2018,3_towns,0901378250,Vernon,Tolland County,pop_change,-25
1990,3_towns,0901385950,Willington,Tolland County,pop_change,0
2000,3_towns,0901385950,Willington,Tolland County,pop_change,-20
2010,3_towns,0901385950,Willington,Tolland County,pop_change,82
2011,3_towns,0901385950,Willington,Tolland County,pop_change,29
2012,3_towns,0901385950,Willington,Tolland County,pop_change,-28
2013,3_towns,0901385950,Willington,Tolland County,pop_change,-24
2014,3_towns,0901385950,Willington,Tolland County,pop_change,-24
2015,3_towns,0901385950,Willington,Tolland County,pop_change,-33
2016,3_towns,0901385950,Willington,Tolland County,pop_change,-34
2017,3_towns,0901385950,Willington,Tolland County,pop_change,-11
2018,3_towns,0901385950,Willington,Tolland County,pop_change,-4
1990,3_towns,0901501430,Ashford,Windham County,pop_change,0
2000,3_towns,0901501430,Ashford,Windham County,pop_change,333
2010,3_towns,0901501430,Ashford,Windham County,pop_change,219
2011,3_towns,0901501430,Ashford,Windham County,pop_change,-8
2012,3_towns,0901501430,Ashford,Windham County,pop_change,-3
2013,3_towns,0901501430,Ashford,Windham County,pop_change,-5
2014,3_towns,0901501430,Ashford,Windham County,pop_change,-4
2015,3_towns,0901501430,Ashford,Windham County,pop_change,-16
2016,3_towns,0901501430,Ashford,Windham County,pop_change,-11
2017,3_towns,0901501430,Ashford,Windham County,pop_change,-16
2018,3_towns,0901501430,Ashford,Windham County,pop_change,-20
1990,3_towns,0901509190,Brooklyn,Windham County,pop_change,0
2000,3_towns,0901509190,Brooklyn,Windham County,pop_change,492
2010,3_towns,0901509190,Brooklyn,Windham County,pop_change,1037
2011,3_towns,0901509190,Brooklyn,Windham County,pop_change,-78
2012,3_towns,0901509190,Brooklyn,Windham County,pop_change,48
2013,3_towns,0901509190,Brooklyn,Windham County,pop_change,40
2014,3_towns,0901509190,Brooklyn,Windham County,pop_change,20
2015,3_towns,0901509190,Brooklyn,Windham County,pop_change,15
2016,3_towns,0901509190,Brooklyn,Windham County,pop_change,3
2017,3_towns,0901509190,Brooklyn,Windham County,pop_change,-26
2018,3_towns,0901509190,Brooklyn,Windham County,pop_change,11
1990,3_towns,0901512130,Canterbury,Windham County,pop_change,0
2000,3_towns,0901512130,Canterbury,Windham County,pop_change,225
2010,3_towns,0901512130,Canterbury,Windham County,pop_change,440
2011,3_towns,0901512130,Canterbury,Windham County,pop_change,-23
2012,3_towns,0901512130,Canterbury,Windham County,pop_change,2
2013,3_towns,0901512130,Canterbury,Windham County,pop_change,8
2014,3_towns,0901512130,Canterbury,Windham County,pop_change,-9
2015,3_towns,0901512130,Canterbury,Windham County,pop_change,-13
2016,3_towns,0901512130,Canterbury,Windham County,pop_change,-19
2017,3_towns,0901512130,Canterbury,Windham County,pop_change,-4
2018,3_towns,0901512130,Canterbury,Windham County,pop_change,0
1990,3_towns,0901513810,Chaplin,Windham County,pop_change,0
2000,3_towns,0901513810,Chaplin,Windham County,pop_change,202
2010,3_towns,0901513810,Chaplin,Windham County,pop_change,55
2011,3_towns,0901513810,Chaplin,Windham County,pop_change,176
2012,3_towns,0901513810,Chaplin,Windham County,pop_change,-69
2013,3_towns,0901513810,Chaplin,Windham County,pop_change,-4
2014,3_towns,0901513810,Chaplin,Windham County,pop_change,-152
2015,3_towns,0901513810,Chaplin,Windham County,pop_change,8
2016,3_towns,0901513810,Chaplin,Windham County,pop_change,106
2017,3_towns,0901513810,Chaplin,Windham County,pop_change,-5
2018,3_towns,0901513810,Chaplin,Windham County,pop_change,-36
1990,3_towns,0901521860,Eastford,Windham County,pop_change,0
2000,3_towns,0901521860,Eastford,Windham County,pop_change,304
2010,3_towns,0901521860,Eastford,Windham County,pop_change,131
2011,3_towns,0901521860,Eastford,Windham County,pop_change,-147
2012,3_towns,0901521860,Eastford,Windham County,pop_change,88
2013,3_towns,0901521860,Eastford,Windham County,pop_change,-40
2014,3_towns,0901521860,Eastford,Windham County,pop_change,76
2015,3_towns,0901521860,Eastford,Windham County,pop_change,39
2016,3_towns,0901521860,Eastford,Windham County,pop_change,-31
2017,3_towns,0901521860,Eastford,Windham County,pop_change,-95
2018,3_towns,0901521860,Eastford,Windham County,pop_change,82
1990,3_towns,0901536000,Hampton,Windham County,pop_change,0
2000,3_towns,0901536000,Hampton,Windham County,pop_change,180
2010,3_towns,0901536000,Hampton,Windham County,pop_change,105
2011,3_towns,0901536000,Hampton,Windham County,pop_change,-16
2012,3_towns,0901536000,Hampton,Windham County,pop_change,-48
2013,3_towns,0901536000,Hampton,Windham County,pop_change,16
2014,3_towns,0901536000,Hampton,Windham County,pop_change,97
2015,3_towns,0901536000,Hampton,Windham County,pop_change,-62
2016,3_towns,0901536000,Hampton,Windham County,pop_change,-76
2017,3_towns,0901536000,Hampton,Windham County,pop_change,55
2018,3_towns,0901536000,Hampton,Windham County,pop_change,32
1990,3_towns,0901540500,Killingly,Windham County,pop_change,0
2000,3_towns,0901540500,Killingly,Windham County,pop_change,583
2010,3_towns,0901540500,Killingly,Windham County,pop_change,898
2011,3_towns,0901540500,Killingly,Windham County,pop_change,-12
2012,3_towns,0901540500,Killingly,Windham County,pop_change,-13
2013,3_towns,0901540500,Killingly,Windham County,pop_change,-28
2014,3_towns,0901540500,Killingly,Windham County,pop_change,-36
2015,3_towns,0901540500,Killingly,Windham County,pop_change,-31
2016,3_towns,0901540500,Killingly,Windham County,pop_change,-61
2017,3_towns,0901540500,Killingly,Windham County,pop_change,-29
2018,3_towns,0901540500,Killingly,Windham County,pop_change,10
1990,3_towns,0901559980,Plainfield,Windham County,pop_change,0
2000,3_towns,0901559980,Plainfield,Windham County,pop_change,256
2010,3_towns,0901559980,Plainfield,Windham County,pop_change,786
2011,3_towns,0901559980,Plainfield,Windham County,pop_change,-22
2012,3_towns,0901559980,Plainfield,Windham County,pop_change,-25
2013,3_towns,0901559980,Plainfield,Windham County,pop_change,-38
2014,3_towns,0901559980,Plainfield,Windham County,pop_change,-50
2015,3_towns,0901559980,Plainfield,Windham County,pop_change,-63
2016,3_towns,0901559980,Plainfield,Windham County,pop_change,-33
2017,3_towns,0901559980,Plainfield,Windham County,pop_change,-36
2018,3_towns,0901559980,Plainfield,Windham County,pop_change,-24
1990,3_towns,0901561030,Pomfret,Windham County,pop_change,0
2000,3_towns,0901561030,Pomfret,Windham County,pop_change,696
2010,3_towns,0901561030,Pomfret,Windham County,pop_change,449
2011,3_towns,0901561030,Pomfret,Windham County,pop_change,-18
2012,3_towns,0901561030,Pomfret,Windham County,pop_change,2
2013,3_towns,0901561030,Pomfret,Windham County,pop_change,-12
2014,3_towns,0901561030,Pomfret,Windham County,pop_change,-3
2015,3_towns,0901561030,Pomfret,Windham County,pop_change,-14
2016,3_towns,0901561030,Pomfret,Windham County,pop_change,-20
2017,3_towns,0901561030,Pomfret,Windham County,pop_change,2
2018,3_towns,0901561030,Pomfret,Windham County,pop_change,-11
1990,3_towns,0901562710,Putnam,Windham County,pop_change,0
2000,3_towns,0901562710,Putnam,Windham County,pop_change,-29
2010,3_towns,0901562710,Putnam,Windham County,pop_change,582
2011,3_towns,0901562710,Putnam,Windham County,pop_change,-23
2012,3_towns,0901562710,Putnam,Windham County,pop_change,1
2013,3_towns,0901562710,Putnam,Windham County,pop_change,-14
2014,3_towns,0901562710,Putnam,Windham County,pop_change,-33
2015,3_towns,0901562710,Putnam,Windham County,pop_change,-47
2016,3_towns,0901562710,Putnam,Windham County,pop_change,-49
2017,3_towns,0901562710,Putnam,Windham County,pop_change,-24
2018,3_towns,0901562710,Putnam,Windham County,pop_change,-35
1990,3_towns,0901567400,Scotland,Windham County,pop_change,0
2000,3_towns,0901567400,Scotland,Windham County,pop_change,341
2010,3_towns,0901567400,Scotland,Windham County,pop_change,170
2011,3_towns,0901567400,Scotland,Windham County,pop_change,-32
2012,3_towns,0901567400,Scotland,Windham County,pop_change,31
2013,3_towns,0901567400,Scotland,Windham County,pop_change,14
2014,3_towns,0901567400,Scotland,Windham County,pop_change,-30
2015,3_towns,0901567400,Scotland,Windham County,pop_change,-17
2016,3_towns,0901567400,Scotland,Windham County,pop_change,-8
2017,3_towns,0901567400,Scotland,Windham County,pop_change,7
2018,3_towns,0901567400,Scotland,Windham County,pop_change,-38
1990,3_towns,0901573420,Sterling,Windham County,pop_change,0
2000,3_towns,0901573420,Sterling,Windham County,pop_change,742
2010,3_towns,0901573420,Sterling,Windham County,pop_change,731
2011,3_towns,0901573420,Sterling,Windham County,pop_change,-61
2012,3_towns,0901573420,Sterling,Windham County,pop_change,17
2013,3_towns,0901573420,Sterling,Windham County,pop_change,15
2014,3_towns,0901573420,Sterling,Windham County,pop_change,8
2015,3_towns,0901573420,Sterling,Windham County,pop_change,-15
2016,3_towns,0901573420,Sterling,Windham County,pop_change,-33
2017,3_towns,0901573420,Sterling,Windham County,pop_change,-13
2018,3_towns,0901573420,Sterling,Windham County,pop_change,14
1990,3_towns,0901575870,Thompson,Windham County,pop_change,0
2000,3_towns,0901575870,Thompson,Windham County,pop_change,210
2010,3_towns,0901575870,Thompson,Windham County,pop_change,580
2011,3_towns,0901575870,Thompson,Windham County,pop_change,-12
2012,3_towns,0901575870,Thompson,Windham County,pop_change,-17
2013,3_towns,0901575870,Thompson,Windham County,pop_change,-18
2014,3_towns,0901575870,Thompson,Windham County,pop_change,-21
2015,3_towns,0901575870,Thompson,Windham County,pop_change,-33
2016,3_towns,0901575870,Thompson,Windham County,pop_change,-30
2017,3_towns,0901575870,Thompson,Windham County,pop_change,-28
2018,3_towns,0901575870,Thompson,Windham County,pop_change,44
1990,3_towns,0901586790,Windham,Windham County,pop_change,0
2000,3_towns,0901586790,Windham,Windham County,pop_change,818
2010,3_towns,0901586790,Windham,Windham County,pop_change,2411
2011,3_towns,0901586790,Windham,Windham County,pop_change,-139
2012,3_towns,0901586790,Windham,Windham County,pop_change,49
2013,3_towns,0901586790,Windham,Windham County,pop_change,137
2014,3_towns,0901586790,Windham,Windham County,pop_change,-44
2015,3_towns,0901586790,Windham,Windham County,pop_change,-167
2016,3_towns,0901586790,Windham,Windham County,pop_change,-106
2017,3_towns,0901586790,Windham,Windham County,pop_change,-159
2018,3_towns,0901586790,Windham,Windham County,pop_change,-151
1990,3_towns,0901588190,Woodstock,Windham County,pop_change,0
2000,3_towns,0901588190,Woodstock,Windham County,pop_change,1213
2010,3_towns,0901588190,Woodstock,Windham County,pop_change,743
2011,3_towns,0901588190,Woodstock,Windham County,pop_change,-42
2012,3_towns,0901588190,Woodstock,Windham County,pop_change,12
2013,3_towns,0901588190,Woodstock,Windham County,pop_change,-2
2014,3_towns,0901588190,Woodstock,Windham County,pop_change,-16
2015,3_towns,0901588190,Woodstock,Windham County,pop_change,-32
2016,3_towns,0901588190,Woodstock,Windham County,pop_change,-24
2017,3_towns,0901588190,Woodstock,Windham County,pop_change,-33
2018,3_towns,0901588190,Woodstock,Windham County,pop_change,-14
